0 1510
1 1509
2 1508
3 1507
4 1506
5 1505
6 1504
7 1503
8 1502
9 1501
10 1410
11 1409
12 1408
13 1407
14 1406
15 1405
16 1404
17 1403
18 1402
19 1401
20 1310
21 1309
22 1308
23 1307
24 1306
25 1305
26 1304
27 1303
28 1302
29 1301
30 1210
31 1209
32 1208
33 1207
34 1206
35 1205
36 1204
37 1203
38 1202
39 1201
40 1110
41 1109
42 1108
43 1107
44 1106
45 1105
46 1104
47 1103
48 1102
49 1101
50 1010
51 1009
52 1008
53 1007
54 1006
55 1005
56 1004
57 1003
58 1002
59 1001
60 0910
61 0909
62 0908
63 0907
64 0906
65 0905
66 0904
67 0903
68 0902
69 0901
70 0810
71 0809
72 0808
73 0807
74 0806
75 0805
76 0804
77 0803
78 0802
79 0801
80 0710
81 0709
82 0708
83 0707
84 0706
85 0705
86 0704
87 0703
88 0702
89 0701
90 0610
91 0609
92 0608
93 0607
94 0606
95 0605
96 0604
97 0603
98 0602
99 0601
100 0510
101 0509
102 0508
103 0507
104 0506
105 0505
106 0504
107 0503
108 0502
109 0501
110 0410
111 0409
112 0408
113 0407
114 0406
115 0405
116 0404
117 0403
118 0402
119 0401
120 0310
121 0309
122 0308
123 0307
124 0306
125 0305
126 0304
127 0303
128 0302
129 0301
130 0210
131 0209
132 0208
133 0207
134 0206
135 0205
136 0204
137 0203
138 0202
139 0201
140 0110
141 0109
142 0108
143 0107
144 0106
145 0105
146 0104
147 0103
148 0102
149 0101
