-131.88127062083862 -25.43188188845308 56.94862642185376 -74.52548664879886 68.32144151759162 29.22933170491586 19.147889437482878 74.7863107291598 137.32294434846185 -41.97183919977885 28.18568831612218 -44.99836197105913 68.63884028806635 -8.768178990864765 80.10097086934204 -90.94575595378127 78.90333624601813 -66.81656644357544 1.6211706993884296 174.3476941735707 -34.034965876000044 -93.65019924265327 26.179199837362066 -84.37406704206725 43.963212670216194 28.04976684881396 0.6181779312116333 155.69786703096324 14.755004791107762 -91.23091607259808
142.15342616972742 -35.00906258912291 -6.611627138385226 7.8957569853887755 -46.78995679782663 6.416305585302163 9.003854609925444 30.217895996543625 -59.121823343344865 15.065676937386863 39.62061051698031 -32.71257092802019 -47.18781079554601 -35.777790420617016 -59.84475417618615 13.173739743492076 89.8145083587389 24.544762787581842 -40.462853727593625 -31.176822758528186 -59.86165055801052 -83.3706276591777 59.512655654967766 46.73621063677449 -9.014861128073223 59.43276192492717 43.968664878352605 -32.74109169653273 -33.18742335561055 -34.49599085888392
65.0525220092746 26.514050241800764 53.19419946931718 5.615487427116289 -43.24810457456599 34.1670343259511 -78.1562572301576 -33.66628005434611 46.55342590784383 26.41460972342565 -23.218750610087934 32.714842365530075 37.0392378917734 -2.6301883783430866 118.32067827427011 -5.724013673219342 -42.29268401076965 95.64363686854222 -15.16509124219473 -40.05054839182729 34.11061470169768 -50.090777896680535 -30.81549832987539 -58.82398697876969 -28.217001428350308 -35.73782834731401 -29.72236129417158 33.96702685768794 -9.398464045137004 7.23885010102295
53.515343420623 23.571269589182844 65.50700974110059 -45.41776972618081 74.48479283218022 -8.020376013857373 -28.910480177660936 14.699838792762067 28.965450113359523 -28.75304091338854 71.58428005253913 -8.593992105039606 44.65268487894004 3.547648937488038 -15.826139965069268 -2.6413852099814976 -73.38025290649585 7.173354256920551 -24.029814869604266 39.82526576386135 -52.620666801801576 -72.95913406666502 82.05378428791671 -15.60027201179656 -6.156966855883256 45.79624999127356 -111.00733491430869 -3.581269689736639 6.224842609577474 34.871485576142156
-73.17021329784124 35.44841883051487 25.595124208958467 -49.63311726493779 50.728060085807236 -24.38737864376963 35.55557165907346 -41.11409863953363 -40.408573033695895 -26.14585373758095 -77.27341374865694 50.170364513901305 -61.61067211633429 25.740540205077032 13.718659464416174 -49.81508055760723 45.101753860064555 88.66191136678283 31.92878396405581 -15.122353384768065 33.37385050777378 88.92970218137047 49.17149722412686 -38.36052073235552 93.69684057911486 3.6617198432797524 54.00662587809123 27.808499876304705 -5.5037290092109235 -16.43225188484277
18.026007226474682 30.19436224474236 6.897303336247159 -24.50311148242444 59.01568129671739 24.355949337590072 -70.65024117563755 -10.880344913889726 76.13330105480894 27.687304165841034 28.499967376237553 -5.435104011582972 -18.68342893354993 15.260653674405882 1.0367461043650348 -34.93286718571653 39.907555471859745 -46.179609813775514 46.584427767618784 -12.409228116787943 -58.015606811170784 36.92923983886521 -75.13421442784721 -108.42486888808968 -35.64614006077999 78.70902248177812 -56.47273574157824 96.62542854159665 60.952592369157706 7.1704751561625875
-52.04594670646923 15.175320166146829 18.210959121208802 5.5439781478764365 47.8068958246628 -24.462799096238207 0.5484101610735599 16.34547258367411 8.599316809187194 -30.41490564107555 82.36230875276945 6.0283403210866675 -41.29655204182709 11.92655912719513 96.19152706576966 82.27691927079528 -63.242429365010345 21.283879405761876 -18.099723510858638 80.3149619271234 66.74296906217313 -14.999549196842384 6.611796705478824 40.939615706585485 -104.3182565465717 70.09446280544194 -2.9360102259948118 66.22891427981367 -12.740379238325788 82.84089252844322
-6.715474752246974 79.14478587661854 -54.44868416590028 38.13627582862754 35.36107118563031 6.044595958716583 112.88935709190615 -32.298484342147745 72.94975577843302 -65.03918842723557 48.62664490447039 31.974864111368387 -45.38151491345033 35.50930603138157 -71.0291913337985 28.48142778683201 17.683299199588706 -12.234012336809096 -57.05461127370239 -11.936499918444452 -20.382336114992295 30.498444747757635 -3.0437865937620385 -115.49357918188782 22.823664495301376 46.63625829965409 28.139080525505346 -15.30138117628169 -32.37237222931104 23.202731343233424
82.2934373865685 -4.813652370969204 16.996330638774648 38.77115436368206 31.927298988359126 41.13230521863173 -101.82827114238103 -66.49953112918733 -107.96169955216632 -70.8636538725937 1.2928727799130568 28.826421727545622 4.176824126655378 32.22787177850197 -4.917468402503344 16.86176197891736 -7.188811126302008 22.79333547020018 -16.606696065541193 67.24988292599141 85.18975696268475 -19.538954712856036 20.168957874965184 -66.87502853023415 -22.89513045918676 -108.1444696717991 100.88369178315935 52.974123189533366 -85.24423855684213 -9.20616120804143
168.26441134140305 59.75526410972932 29.42552110320078 -33.25977302010384 -4.272085954765771 -16.11123666582478 -7.204903366791962 3.951692445862552 56.21601903065516 8.195545018698565 4.182508515985945 11.303997871238577 -73.53582084859171 -39.35951818255108 -26.15408102728922 65.61970389266999 39.64555368095964 84.79600472392974 68.03896140439825 64.31592327088802 -6.226287200876202 -26.31016810338192 18.10727535710495 -12.485735689277966 -43.328975976876386 -0.8406635028191077 -10.602273878768811 -4.429511235397236 57.56129454472874 -14.077655145436255
46.36903682716643 109.47368921003373 50.82387016233968 -0.6061654507947458 39.53176854973729 2.657877648042266 -63.845507608143954 -27.533438879589298 51.390858756095476 -78.76786992913101 -44.03568064285085 -92.89013687373176 13.353578281965527 -33.34304306773586 -16.263708363899923 64.53341305065476 26.261279810601483 50.396476454695986 21.214462507388305 16.26828016685968 7.3620566570895924 4.771352757688128 46.375688989327 100.99719018797778 -56.54196672693764 26.04965166310161 -41.43130081719608 -43.36732876351436 -3.083946228524785 3.425607046549659
105.8503313452122 -16.776155956769873 46.51689851793168 11.676423780035025 -10.67199428303991 -41.228959329351554 48.71414844922828 86.86911102934803 -50.96454611655674 -103.64621730172922 -7.835196130087551 34.46366805318828 5.860405785552667 47.3571501643539 -7.045551746378241 36.279986413081716 -16.26391336515118 -79.23955470085974 22.451044331679302 -23.687130275233056 36.10553749603263 19.86300736583935 13.582832759351449 48.280438084352674 -62.569132047612335 -69.17811959658415 -62.381307614870096 -16.634498622236833 -14.670660757586646 18.303429690302178
199.3709115859892 -33.87229619330329 -31.620673162991697 22.886830199791287 6.2717741930907165 -33.027079517169774 39.461105809824005 -1.8851366083903773 27.35500478972549 -81.45205720814185 8.834291030932874 -56.100494699048035 -22.05913403102102 57.269839845711296 45.49909838913777 22.89499990299053 12.937870386103002 26.090808871630987 -9.584790086984075 -34.71049253468103 -19.787396885973504 -64.9088630982475 -13.168332266752174 -17.218544880891677 -24.824066602830065 111.59639590046565 82.0110280330494 16.825430611942316 -31.99614011883496 33.514128065589816
96.22768209263008 -29.933792779387723 -20.08073253258989 26.9430510074177 47.32674285112085 -12.848893689095435 9.558185478227745 -138.82870059059104 -129.40198045717383 -26.964385199703926 -25.13264476291015 15.353973631209954 90.4567079053387 -15.456115336029956 -98.55833993871816 18.306089250163673 39.570091800388106 -12.32511329255367 -8.795350720476739 97.28813051789213 33.28322678208785 7.160741996279409 -18.39360838884145 59.55119189031931 17.317518598507544 27.230781524966932 -77.74771415757587 44.77506091187954 -12.456566034277598 40.456737191421425
-38.49307969241155 -3.8864400863860453 -63.98142545798834 37.551707599665164 -9.812276417364735 35.623864862209444 79.52180339817079 -2.2366333265550935 17.18371809779603 -11.911021600244439 70.769755739294 47.47852626752122 12.908815910899616 8.974743039063593 -28.151511193443216 -31.03981588482692 54.312063099693994 -17.765516631475126 34.09089058745846 -8.861775324658911 -53.75070227550664 -43.48264284099655 -63.93608703362995 -42.106445637031925 25.948094232648657 41.4138467594009 32.03819324865274 -86.04548541606431 -26.32866801005634 66.61973813909232
28.38104250931291 -5.753335822091657 79.7108171516466 -95.88883594045973 48.33891052658349 63.423383743206486 12.994678024195313 -93.39758989488054 -37.197934533315944 23.778695894772383 -38.32919814582357 1.7882145646328338 -1.2475155528129345 -122.4976325154386 41.27109897154424 41.52299334194526 39.83958544806618 -62.67153402761139 -100.20594516768489 -13.460644987166013 18.07570895020799 -35.94395274294967 -31.761836487054484 -14.456752497255028 -41.90499955161384 -89.21651774960132 -24.22506288539599 21.56014875441483 65.26359167058024 77.27777333083029
-26.813500861498333 43.00985036189574 57.09837123369755 -0.7163610548202748 42.024352271960836 40.085326233044476 -44.55067579564976 36.418974497903704 -51.21234059125774 -59.937011864816924 25.878154360014356 45.59770151657655 -1.7233708315040577 -10.964415633238096 49.21317993047831 -12.744059116986888 -14.784726351118511 -47.75341259197866 -54.062922204513534 24.51914443661145 -13.575632040090971 33.57682612319811 64.39426090365801 -36.63459332357134 -44.25257217063335 65.725717241597 -51.04503503804071 -20.720246687843073 -8.186201226189038 -15.801988614994361
34.541403546383606 -19.80753319352935 -80.6669261690992 2.772730364026106 -11.242508696024991 85.76859419040355 11.797151426562863 -13.557076893145338 -18.44132366215404 -36.426902366676806 59.234999410731696 -59.366623378815504 -14.426061817168595 14.08709534892834 77.63612028340802 -0.6907219176533905 70.93674875472026 77.58364453796383 35.43571635433886 91.60547940391443 98.82697938837056 40.46524496218451 14.230667917323869 -44.793985711492304 107.87623314700492 18.76407513940416 51.59846955795457 13.546380473869055 -63.68382005057017 69.97467144973714
-28.830909810474846 -82.9231267983144 25.171061409821448 -80.9980860867788 -48.135819109174 8.608651264144923 -56.489373987341224 112.93717750106836 16.229844146371335 -110.34921479115717 -2.2281288125266645 27.838527329270484 -34.53177172894132 27.4350507047348 14.038114435351716 11.043810624922227 -5.553034142612209 10.926924457241402 -63.863768744529956 8.970049351335863 2.204867589706293 12.341999497324874 93.53218825346082 -40.73449349004001 115.83043902963689 123.33697239445449 -25.101885994882064 -19.926476333457227 -41.863231458028864 -37.87006383931563
-99.13684859164779 8.774070895228288 -41.16687448751632 18.264363445389023 53.7612785598908 2.6607944920681814 -41.427959760186575 -58.93288930959925 -23.89588629577208 5.133459053438955 -11.525308810335282 6.907790355282058 -1.3200987172110612 19.891448154933055 -15.83219540172455 101.5421758374146 33.70169514830277 18.226845250368964 -24.013988422034377 -69.43963908974645 18.153545316166756 -76.75414165361809 -16.412922514143734 -89.11059164650894 -29.508137549496144 29.248551893975772 -10.585931822325236 -48.106883219787186 49.70942917381586 110.64274696458834
