3030 4 0.05966054265198395
3029 4 0.0671092239922701
3028 4 0.07210111835285096
3027 4 0.08037585204838507
3026 4 0.08769251484236085
3025 4 0.09660978883910455
3024 4 0.10850960641661545
3023 4 0.11710792410849548
3022 4 0.13229519933736555
3021 4 0.14065887181076084
3020 4 0.16328861968023645
3019 4 0.1718200168890403
3018 4 0.19698050301142217
3017 4 0.2084315880351286
3016 4 0.24020329523410686
3015 4 0.2529445652121358
3014 4 0.2862097746886192
3013 4 0.3096975121284361
3012 4 0.3461907978056657
3011 4 0.37006866954143147
3010 4 0.4090844902195504
3009 4 0.456245880267601
3008 4 0.4939152984088369
3007 4 0.5389779534617475
3006 4 0.5805781567970334
3005 4 0.6663192984507731
3004 0 0.7026968345257785
3003 2 0.7808998010550112
3002 0 0.8220925751848543
3001 1 0.9669690928209821
2930 4 0.058647555558308584
2929 4 0.0667212551581169
2928 4 0.07102667861177686
2927 4 0.08028402899167221
2926 4 0.086431434999812
2925 4 0.0968907043108187
2924 4 0.10430017938596456
2923 4 0.11571919019241098
2922 4 0.12699196619377165
2921 4 0.1390106651068597
2920 4 0.15839410187754435
2919 4 0.16925367132006164
2918 4 0.19268505654081597
2917 4 0.2029189867334686
2916 4 0.23811447477046715
2915 4 0.24898069551934726
2914 4 0.2856071384302
2913 4 0.302380988769347
2912 4 0.3478080573267818
2911 4 0.3662485063662274
2910 4 0.41202903229790566
2909 4 0.45012671558830586
2908 4 0.49852244851494976
2907 4 0.5337253989195544
2906 4 0.5862610662513859
2905 4 0.662403119952278
2904 0 0.7097947823492712
2903 2 0.7754223097188178
2902 0 0.830396540590762
2901 1 0.9657081390025846
2830 4 0.05762826025911604
2829 4 0.06576098897317037
2828 4 0.06989559386948552
2827 4 0.07959909055418908
2826 4 0.08491932826417604
2825 4 0.09663376499194232
2824 4 0.10278560392247534
2823 4 0.1159007576918531
2822 4 0.12524816738397918
2821 4 0.13972002706988962
2820 4 0.15081216864820884
2819 4 0.16636908689045996
2818 4 0.18389034210335364
2817 4 0.19984249527118988
2816 4 0.2319222983488015
2815 4 0.2450094462544964
2814 4 0.2808185213222879
2813 4 0.2927966952768004
2812 4 0.3471246745548149
2811 4 0.3612084400728529
2810 4 0.4133046374900907
2809 4 0.43928061719634026
2808 4 0.5026042057481434
2807 4 0.5298921997871309
2806 4 0.591696716636705
2805 4 0.6548554339322424
2804 0 0.7169644266154255
2803 4 0.767973987777409
2802 0 0.838784384435113
2801 1 0.9623898394804857
2730 4 0.05680734406344497
2729 4 0.06414033707993348
2728 4 0.06882307810319924
2727 4 0.07809785563515739
2726 4 0.0832594057891427
2725 4 0.09551597456748662
2724 4 0.10108599794725726
2723 4 0.11524486698800653
2722 4 0.12297952100575166
2721 4 0.13972944120540404
2720 4 0.14867157958662086
2719 4 0.16696589882277138
2718 4 0.18146023155854485
2717 4 0.2011505223673254
2716 4 0.21781870235737533
2715 4 0.23874881721944846
2714 4 0.2661430349132786
2713 4 0.2869943708485243
2712 4 0.3408840354950103
2711 4 0.3554911449638137
2710 4 0.40926522400223936
2709 4 0.4224406036896503
2708 4 0.5052122961766544
2707 4 0.5244488053529789
2706 4 0.596291578635556
2705 4 0.6390710478522794
2704 0 0.7242064915307328
2703 4 0.7651400670866382
2702 0 0.8472569539748617
2701 1 0.9536574723170677
2630 4 0.0562540948968009
2629 4 0.06195439804706258
2628 4 0.06787439855518415
2627 4 0.07563912265990039
2626 4 0.08169452565684485
2625 4 0.09310882330327891
2624 4 0.0991914904009199
2623 4 0.11309844794692439
2622 4 0.12007495618940664
2621 4 0.1382667984295937
2620 4 0.14592324714960045
2619 4 0.16612036129798594
2618 4 0.17775536845933165
2617 4 0.2012634162681636
2616 4 0.21440643589092798
2615 4 0.239495219133254
2614 4 0.262286885620747
2613 4 0.28867770045388763
2612 4 0.3134394519693542
2611 4 0.34139893186818804
2610 4 0.3843060791722803
2609 4 0.4112474083939127
2608 4 0.5027704013503355
2607 4 0.5168716680070748
2606 4 0.5952138791385341
2605 4 0.6084852744066569
2604 0 0.7315217086169018
2603 4 0.7606663859136908
2602 2 0.8558151050251128
2601 1 0.9306775587291256
2530 1 0.05526532425126978
2529 1 0.05928100869827737
2528 1 0.0663553926089879
2527 1 0.07209937579733122
2526 1 0.07993860872207018
2525 1 0.08866344293620723
2524 1 0.09659435947519286
2523 1 0.10806116361435393
2522 1 0.1161161734972816
2521 1 0.13332605240555898
2520 1 0.14143757908951982
2519 1 0.16123198149934503
2518 1 0.17110722137444254
2517 1 0.1973830996571864
2516 1 0.20801891313358878
2515 1 0.23590548645576967
2514 1 0.25380216241042364
2513 1 0.28642861186338264
2512 1 0.30480412816764835
2511 1 0.33906805127807
2510 1 0.37482501976908533
2509 1 0.4102194453573341
2508 1 0.44440669442981545
2507 1 0.4824628353187467
2506 1 0.5492695620312401
2505 1 0.5843617187842711
2504 4 0.7389108167847493
2503 4 0.7487083443236567
2502 2 0.857058762874527
2501 2 0.8702041019187519
2430 4 0.05962527448462318
2429 4 0.06707815430474746
2428 4 0.07207660911892336
2427 4 0.08035662068962643
2426 4 0.08767548744023584
2425 4 0.09659798080269545
2424 4 0.10849857198576303
2423 4 0.11710105302934347
2422 4 0.13228807607260681
2421 4 0.1406547264387669
2420 4 0.16328442470900167
2419 4 0.1718176953846567
2418 4 0.1969780621356276
2417 4 0.20843017076538684
2416 4 0.2402020123320971
2415 4 0.25294379888018176
2414 4 0.286209128803653
2413 4 0.3096970565334902
2412 4 0.3461904574292556
2411 4 0.37006844550563756
2410 4 0.40908435000474386
2409 4 0.45624576947020823
2408 4 0.49391512697299705
2407 4 0.538977903608383
2406 4 0.5805781043552893
2405 4 0.6663192872844905
2404 0 0.7026966028718602
2403 2 0.7808997923592622
2402 0 0.8220925390298711
2401 1 0.966969092802213
2330 4 0.05858388975491231
2329 4 0.06665983579438552
2328 4 0.07098158606412762
2327 4 0.0802452644737442
2326 4 0.08639919689481398
2325 4 0.09686703805298777
2324 4 0.10427866930894136
2323 4 0.11570537764129565
2322 4 0.12697753140905832
2321 4 0.13900222567399817
2320 4 0.15838537859348711
2319 4 0.16924898364633106
2318 4 0.19267977868188937
2317 4 0.20291604319003018
2316 4 0.2381116761634399
2315 4 0.24897910110529445
2314 4 0.28560568035102485
2313 4 0.30237998834470414
2312 4 0.3478073705300806
2311 4 0.36624800060358753
2310 4 0.41202874785326515
2309 4 0.45012644790249057
2308 4 0.49852223703532206
2307 4 0.5337252885751296
2306 4 0.5862610050626096
2305 4 0.662403093252772
2304 0 0.7097945483554143
2303 2 0.7754222935385917
2302 0 0.8303965040705769
2301 1 0.9657081389531923
2230 4 0.05751498407305167
2229 4 0.0656401252626701
2228 4 0.06981398181978049
2227 4 0.07952071106046388
2226 4 0.08485935058524197
2225 4 0.0965852269295395
2224 4 0.10274466466295112
2223 4 0.11587206556828097
2222 4 0.1252195777328586
2221 4 0.13970334065850548
2220 4 0.15079417232591036
2219 4 0.16635990356201194
2218 4 0.18387885957845154
2217 4 0.1998363145505137
2216 4 0.23191610314020122
2215 4 0.24500618911215452
2214 4 0.2808151424717042
2213 4 0.2927944746212333
2212 4 0.34712315426311924
2211 4 0.36120731251110166
2210 4 0.41330398873338325
2209 4 0.4392799698784011
2208 4 0.5026038927530694
2207 4 0.5298919188087423
2206 4 0.5916966328120432
2205 4 0.6548553638389844
2204 0 0.7169641902579943
2203 4 0.7679739795055246
2202 0 0.8387843475460373
2201 1 0.9623898393505059
2130 4 0.05660652440234647
2129 4 0.06390290129317443
2128 4 0.06867629821220549
2127 4 0.07793834985497816
2126 4 0.0831489626011539
2125 4 0.0954142428607477
2124 4 0.1010089788116422
2123 4 0.11518296531495152
2122 4 0.12292343889286458
2121 4 0.13969355534517844
2120 4 0.14863531149088682
2119 4 0.16694616026835737
2118 4 0.1814356503840496
2117 4 0.2011391489366468
2116 4 0.21780450367835408
2115 4 0.23874282782508638
2114 4 0.2661346108687496
2113 4 0.2869888807014271
2112 4 0.34088037112913483
2111 4 0.35548862189923536
2110 4 0.4092635589931597
2109 4 0.4224389203385994
2108 4 0.5052117132328304
2107 4 0.5244480825723786
2106 4 0.5962914310512103
2105 4 0.6390708588703037
2104 0 0.7242062527858528
2103 4 0.7651400450516443
2102 0 0.8472569167131689
2101 1 0.9536574719750155
2030 4 0.05588818236348322
2029 4 0.0614803695052561
2028 4 0.06760271998531169
2027 4 0.07530485379846345
2026 4 0.08148649253226156
2025 4 0.0928851158523772
2024 4 0.09904371579929219
2023 4 0.11295541933777223
2022 4 0.1199630979765084
2021 4 0.13818068776047637
2020 4 0.14584877443783523
2019 4 0.16607098162834757
2018 4 0.1777012196132881
2017 4 0.2012362557523495
2016 4 0.21437407005101616
2015 4 0.23948118306802804
2014 4 0.2622654319605091
2013 4 0.28866873503084967
2012 4 0.3134284524152837
2011 4 0.341394388860402
2010 4 0.38430003078885777
2009 4 0.4112407061683763
2008 4 0.5027688624716043
2007 4 0.5168696574802436
2006 4 0.5952133943438566
2005 4 0.6084845655307662
2004 0 0.7315214674604574
2003 4 0.7606663262520068
2002 2 0.8558150673870394
2001 1 0.9306775578289882
1930 1 0.05452783835454688
1929 1 0.0582705872750785
1928 1 0.0657901060415973
1927 1 0.07133457879968574
1926 1 0.07949880441418766
1925 1 0.08811139076609875
1924 1 0.09627467494066214
1923 1 0.10767907853365635
1922 1 0.11586731974095335
1921 1 0.13307632884639284
1920 1 0.14126701619116405
1919 1 0.16107552664517277
1918 1 0.17097473362176666
1917 1 0.19729141037774847
1916 1 0.20793568286671033
1915 1 0.2358541185815774
1914 1 0.25373960792965267
1913 1 0.28640053543486665
1912 1 0.3047699207277451
1911 1 0.3390541529770316
1910 1 0.3748014050275511
1909 1 0.4102088217582441
1908 1 0.4443959024989656
1907 1 0.48245847588215024
1906 1 0.5492635460694929
1905 1 0.5843513393506574
1904 4 0.7389105731923813
1903 4 0.7487081443255013
1902 2 0.8570585757813816
1901 2 0.870204099549969
1830 4 0.05854161521583962
1829 4 0.0664805264482955
1828 4 0.07126675899927228
1827 4 0.07991531703557032
1826 4 0.08709703022815946
1825 4 0.09625139554468183
1824 4 0.10810820979208374
1823 4 0.11685545598380728
1822 4 0.1320365132537016
1821 4 0.1404631123532843
1820 4 0.16313295759930152
1819 4 0.17168933746669873
1818 4 0.19689120665800575
1817 4 0.20833514646595191
1816 4 0.2401552001443562
1815 4 0.2528859355381497
1814 4 0.2861855281279707
1813 4 0.30965908149274113
1812 4 0.3461767241432739
1811 4 0.3700486611127183
1810 4 0.4090781111238
1809 4 0.4562355710269842
1808 4 0.49390642653896316
1807 4 0.5389730836771609
1806 4 0.5805747351362859
1805 4 0.6663181385624606
1804 0 0.7026843924621133
1803 2 0.7808987998177832
1802 0 0.822089645056641
1801 1 0.9669690904614723
1730 4 0.05672116530012943
1729 4 0.06562614373267334
1728 4 0.06953141601258155
1727 4 0.07947144602204462
1726 4 0.08532179757666858
1725 4 0.09628719802027841
1724 4 0.10352001638531959
1723 4 0.11529190879684016
1722 4 0.12646975465695043
1721 4 0.13865835348801747
1720 4 0.15806996819930402
1719 4 0.16901694225928568
1718 4 0.1924928774753099
1717 4 0.20273048064875543
1716 4 0.23801067957886668
1715 4 0.24886375691652773
1714 4 0.28555374950344514
1713 4 0.3022982249178868
1712 4 0.3477815040479184
1711 4 0.36620380337210434
1710 4 0.41201730174639056
1709 4 0.4501019563352926
1708 4 0.4985120953264518
1707 4 0.5337149669200272
1706 4 0.5862571698500126
1705 4 0.6624003815100197
1704 0 0.7097822146081953
1703 2 0.7754204469970065
1702 0 0.8303935808652939
1701 1 0.9657081327933481
1630 4 0.054436628397952366
1629 4 0.06385931322552474
1628 4 0.06730027150143211
1627 4 0.07814597128608021
1626 4 0.08290531395758727
1625 4 0.09556258258491493
1624 4 0.10130874707041507
1623 4 0.11514086042398394
1622 4 0.12421760409710209
1621 4 0.13915587648756456
1620 4 0.1501386889049289
1619 4 0.16598189156287363
1618 4 0.1834741692555221
1617 4 0.1994748454116113
1616 4 0.23169306464950423
1615 4 0.24478435836038298
1614 4 0.2806965884525425
1613 4 0.29261721893996795
1612 4 0.347068205151058
1611 4 0.3611100647326805
1610 4 0.4132795459821925
1609 4 0.43922117036599356
1608 4 0.5025901912626625
1607 4 0.5298657911789251
1606 4 0.5916916027624828
1605 4 0.6548482629840845
1604 0 0.7169517319274701
1603 4 0.7679730357701061
1602 0 0.8387813948134282
1601 1 0.96238982314039
1530 4 0.051758214690649604
1529 4 0.06089935377790351
1528 4 0.06449479809260036
1527 4 0.07551515542256435
1526 4 0.07972412499512065
1525 4 0.0935690260776812
1524 4 0.09835361726529897
1523 4 0.1138240167366344
1522 4 0.12097376953529194
1521 4 0.13872021343150037
1520 4 0.1472986891530515
1519 4 0.16628167415566716
1518 4 0.18056928744623157
1517 4 0.20061462082971315
1516 4 0.21728640076926126
1515 4 0.23839203189667185
1514 4 0.26584508361800163
1513 4 0.28656157328451
1512 4 0.3407507453278029
1511 4 0.35527520126392154
1510 4 0.40920333987528035
1509 4 0.4222878699783362
1508 4 0.5051887241426404
1507 4 0.5243813492951143
1506 4 0.5962830992172156
1505 4 0.6390518377971646
1504 0 0.7241936686136061
1503 4 0.7651375316679022
1502 0 0.847253934154978
1501 1 0.9536574293168159
1430 4 0.04867773864819615
1429 4 0.05657412347958735
1428 4 0.060979620492473206
1427 4 0.07111569149290166
1426 4 0.07571651116852607
1425 4 0.08953513116801902
1424 4 0.09426468197005483
1423 4 0.11035180757823004
1422 4 0.11622223556061097
1421 4 0.13628949155359418
1420 4 0.14309914114687367
1419 4 0.16473399753527682
1418 4 0.17579284739029843
1417 4 0.20029371162940232
1416 4 0.21315863852840933
1415 4 0.23886290161172408
1414 4 0.26153255168897566
1413 4 0.28810741870966683
1412 4 0.31302872141077226
1411 4 0.34104248589388003
1410 4 0.3840983534977022
1409 4 0.4106568007782095
1408 4 0.5027134416362852
1407 4 0.5166864750953878
1406 4 0.5951895871073851
1405 4 0.6084164153123184
1404 0 0.7315087561753597
1403 4 0.7606595246498042
1402 2 0.855812054701998
1401 1 0.9306774455705682
1330 1 0.04442375310036343
1329 1 0.05051746038669895
1328 1 0.05581394685005499
1327 1 0.06419801842639133
1326 1 0.07013241487841676
1325 1 0.08195108911265404
1324 1 0.08782767455886754
1323 1 0.10249151937626069
1322 1 0.10866721951904634
1321 1 0.12904387261034053
1320 1 0.13543888861885844
1319 1 0.15797922003002812
1318 1 0.1665180130005663
1317 1 0.1950982653430915
1316 1 0.20475355559232683
1315 1 0.23432611513247836
1314 1 0.2515836517215083
1313 1 0.2852985693775393
1312 1 0.3034529173759585
1311 1 0.3383691175687725
1310 1 0.37402514344349624
1309 1 0.4094559730695681
1308 1 0.44398844759462
1307 1 0.4820832798091859
1306 1 0.5490699107370063
1305 1 0.5834389571468384
1304 4 0.7388977335104644
1303 4 0.7486854342468884
1302 2 0.8570455087624336
1301 2 0.8702038041330744
1230 4 0.05004105004053863
1229 4 0.05573714616967709
1228 4 0.06347372244779881
1227 4 0.06958507281580614
1226 4 0.08022983411757809
1225 4 0.08691784146172234
1224 4 0.10252261804294936
1223 4 0.10889288769406179
1222 4 0.12759475823697153
1221 4 0.13407331066944753
1220 4 0.15992100753342248
1219 4 0.16691823110238774
1218 4 0.1946074465568711
1217 4 0.20497056857661544
1216 4 0.23861373516004464
1215 4 0.25073050039695244
1214 4 0.28520369010154406
1213 4 0.3083490509919516
1212 4 0.34537229558840243
1211 4 0.3693621790110936
1210 4 0.4086198183854354
1209 4 0.45589025242440145
1208 4 0.4931568811892972
1207 4 0.5387948491291736
1206 4 0.5802309329130639
1205 4 0.6662607436259771
1204 0 0.7016031582534159
1203 2 0.7808325017619457
1202 0 0.8217598317960431
1201 1 0.9669648314614526
1130 6 0.04516543126140564
1129 4 0.05141585476119254
1128 4 0.058249381164969624
1127 4 0.065236302122055
1126 4 0.07482216184922583
1125 4 0.08273821277285912
1124 4 0.09428179320297488
1123 4 0.10257317043620058
1122 4 0.1186615126300857
1121 4 0.12766994568190396
1120 4 0.15218925531514904
1119 4 0.16025345856140943
1118 4 0.18808162343986717
1117 4 0.19618990208959647
1116 4 0.2351135303477289
1115 4 0.24445005641940626
1114 4 0.28364595540651216
1113 4 0.29948130793626077
1112 4 0.34652436561512984
1111 4 0.3646574089090014
1110 4 0.41129224038052814
1109 4 0.4492895496901942
1108 4 0.49767804475616617
1107 4 0.5333963739761616
1106 4 0.5858710225989663
1105 4 0.6622746020520704
1104 0 0.7086900588418342
1103 2 0.775303004402021
1102 0 0.8300604361576193
1101 1 0.9656969248985595
1030 6 0.040407139916381826
1029 4 0.046263787106799306
1028 6 0.05251602084279783
1027 4 0.059702740796109
1026 4 0.06789718928226927
1025 4 0.07693400823842925
1024 4 0.08723592315006408
1023 4 0.09691755951909942
1022 4 0.11159275046342924
1021 4 0.12248034913037338
1020 4 0.13958340211767653
1019 4 0.15071619271373063
1018 4 0.17501010478616863
1017 4 0.18702788922232016
1016 4 0.2260439420744234
1015 4 0.2358557898700832
1014 4 0.2767376274978551
1013 4 0.286592502608135
1012 4 0.34479031792274417
1011 4 0.3576485484079773
1010 4 0.41191097283155415
1009 4 0.43731651689561035
1008 4 0.5015566968643854
1007 4 0.5290886878486184
1006 4 0.5911975849110251
1005 4 0.6545336970014966
1004 0 0.715848544284681
1003 4 0.7679187653960908
1002 0 0.8384448850076962
1001 1 0.9623603286804199
0930 6 0.03509842001074219
0929 6 0.04115767838964844
0928 6 0.046374936703124994
0927 6 0.05357878852001952
0926 6 0.06038884233984374
0925 4 0.06968545053845214
0924 4 0.07851669443627927
0923 4 0.0892801701535034
0922 4 0.10189366799523923
0921 4 0.1146977474868164
0920 4 0.13015151430743407
0919 4 0.14343377474441527
0918 4 0.16589692589035032
0917 4 0.18072281915441893
0916 4 0.20583908800946044
0915 4 0.22056409206092834
0914 4 0.25721525903846737
0913 4 0.2731018998172302
0912 4 0.33610204192135124
0911 4 0.3472979257475662
0910 4 0.40610671357039585
0909 4 0.4176864329198227
0908 4 0.5036588637393675
0907 4 0.52246373168124
0906 4 0.5954944090297598
0905 4 0.6382601856328354
0904 0 0.723079337661294
0903 4 0.7650036145647545
0902 0 0.8469140252602992
0901 1 0.9535798123168945
0830 6 0.027963945000000004
0829 6 0.03440766609375
0828 6 0.038522171718750005
0827 4 0.046258018476562496
0826 4 0.05174528337890626
0825 4 0.06150469415039063
0824 4 0.06921300638671875
0823 4 0.08020373849121093
0822 4 0.09048525506835935
0821 4 0.10404984324462889
0820 4 0.1172675480126953
0819 4 0.13246742588378904
0818 4 0.1518237007543945
0817 4 0.16990737637573242
0816 4 0.1928859931018066
0815 4 0.21073379718017576
0814 4 0.24504817760009764
0813 4 0.26503607048034666
0812 4 0.30116743365783694
0811 4 0.32031321756225584
0810 4 0.3755330643145751
0809 4 0.3965803324520874
0808 4 0.4997627966839501
0807 4 0.5112997574801635
0806 4 0.5931233005339084
0805 4 0.6061832618797303
0804 0 0.7303831693548424
0803 4 0.7603178874073792
0802 2 0.8554687123841407
0801 1 0.9304731903076171
0730 1 0.015989399999999997
0729 1 0.024469087500000004
0728 1 0.026517712500000002
0727 1 0.03652036875
0726 1 0.04042445625
0725 1 0.050659912499999994
0724 1 0.05686120312500001
0723 1 0.0683974453125
0722 1 0.076603284375
0721 1 0.09021307734375
0720 1 0.10161864140625
0719 1 0.11696611640624997
0718 1 0.13208777109374997
0717 1 0.15138003808593747
0716 1 0.1706230962890625
0715 1 0.19159925507812497
0714 1 0.2208394538085937
0713 1 0.24645920419921874
0712 1 0.2789156416992187
0711 1 0.3021481357910156
0710 1 0.35407922028808597
0709 1 0.38158470175781245
0708 1 0.4303008219140625
0707 1 0.4557011017089843
0706 1 0.5394042611660155
0705 1 0.5678876830810546
0704 4 0.7377607771261034
0703 4 0.7472968746520996
0702 2 0.8555777740457031
0701 2 0.8696662902832031
0630 6 0.023878125
0629 6 0.026071874999999998
0628 6 0.03780000000000001
0627 6 0.041022
0626 6 0.05354099999999999
0625 6 0.059310375000000005
0624 6 0.07100968749999999
0623 6 0.08022298437500001
0622 6 0.09202669531249999
0621 6 0.10387909375
0620 6 0.11833923828125
0619 6 0.13350219921875
0618 6 0.15086530859374997
0617 6 0.17076376367187499
0616 4 0.19237764453124997
0615 6 0.21751051171875
0614 4 0.24089832910156248
0613 4 0.27924355810546875
0612 4 0.30894036962890625
0611 4 0.3501921901855468
0610 4 0.37436881982421877
0609 4 0.44105913085937504
0608 4 0.46995769824218747
0607 4 0.5291477752929687
0606 4 0.5577291142578125
0605 4 0.6613738913476561
0604 4 0.6901986142578125
0603 2 0.7743837056054688
0602 2 0.8102282163085938
0601 1 0.9664336808
0530 6 0.00243
0529 6 0.00243
0528 6 0.012555
0527 6 0.013364999999999998
0526 6 0.0308475
0525 6 0.0339525
0524 6 0.0534825
0523 6 0.0582075
0522 6 0.07933875
0521 6 0.08600625
0520 6 0.10721312499999999
0519 6 0.12037062500000001
0518 6 0.13844093749999997
0517 6 0.15739984375
0516 6 0.178165078125
0515 6 0.200762734375
0514 6 0.228124375
0513 6 0.25764328124999997
0512 4 0.2897072265624999
0511 4 0.32827650390625
0510 4 0.35688142578125
0509 4 0.418010830078125
0508 4 0.45920152343750004
0507 4 0.518290283203125
0506 4 0.54737267578125
0505 4 0.651383591796875
0504 4 0.687009375
0503 4 0.7670553472656251
0502 2 0.80670291015625
0501 1 0.9642991599999999
0430 0 0.0
0429 0 0.0
0428 0 0.0
0427 0 0.0
0426 0 0.0
0425 0 0.0
0424 6 0.0081
0423 6 0.0081
0422 6 0.0351
0421 6 0.0378
0420 6 0.073575
0419 6 0.081675
0418 6 0.11561249999999999
0417 6 0.1246125
0416 6 0.16226875
0415 6 0.17654375000000003
0414 6 0.20989062499999997
0413 6 0.24050312499999998
0412 6 0.26729218749999994
0411 6 0.303478125
0410 6 0.3440953125
0409 6 0.38688671875
0408 4 0.43868671875
0407 4 0.496321484375
0406 4 0.527021875
0405 4 0.6280281249999999
0404 4 0.679825
0403 4 0.761973359375
0402 2 0.79834609375
0401 1 0.958682
0330 0 0.0
0329 0 0.0
0328 0 0.0
0327 0 0.0
0326 0 0.0
0325 0 0.0
0324 0 0.0
0323 0 0.0
0322 0 0.0
0321 0 0.0
0320 0 0.0
0319 0 0.0
0318 6 0.027
0317 6 0.027
0316 6 0.0945
0315 6 0.10350000000000001
0314 6 0.16649999999999998
0313 6 0.186
0312 6 0.24212499999999998
0311 6 0.255875
0310 6 0.32337499999999997
0309 6 0.35800000000000004
0308 6 0.40240624999999997
0307 6 0.47234375
0306 6 0.5152812499999999
0305 4 0.5753281250000001
0304 4 0.6636875
0303 4 0.750515625
0302 2 0.78128125
0301 1 0.9439
0230 0 0.0
0229 0 0.0
0228 0 0.0
0227 0 0.0
0226 0 0.0
0225 0 0.0
0224 0 0.0
0223 0 0.0
0222 0 0.0
0221 0 0.0
0220 0 0.0
0219 0 0.0
0218 0 0.0
0217 0 0.0
0216 0 0.0
0215 0 0.0
0214 0 0.0
0213 0 0.0
0212 6 0.09
0211 6 0.09
0210 6 0.24
0209 6 0.27
0208 6 0.355
0207 6 0.395
0206 6 0.49624999999999997
0205 6 0.50875
0204 4 0.624375
0203 4 0.724375
0202 4 0.761875
0201 2 0.905
0130 0 0.0
0129 0 0.0
0128 0 0.0
0127 0 0.0
0126 0 0.0
0125 0 0.0
0124 0 0.0
0123 0 0.0
0122 0 0.0
0121 0 0.0
0120 0 0.0
0119 0 0.0
0118 0 0.0
0117 0 0.0
0116 0 0.0
0115 0 0.0
0114 0 0.0
0113 0 0.0
0112 0 0.0
0111 0 0.0
0110 0 0.0
0109 0 0.0
0108 0 0.0
0107 0 0.0
0106 6 0.3
0105 6 0.3
0104 6 0.55
0103 4 0.65
0102 4 0.725
0101 4 0.775
