3030
3029
3028
3027
3026
3025
3024
3023
3022
3021
3020
3019
3018
3017
3016
3015
3014
3013
3012
3011
3010
3009
3008
3007
3006
3005
3004
3003
3002
3001
2930
2929
2928
2927
2926
2925
2924
2923
2922
2921
2920
2919
2918
2917
2916
2915
2914
2913
2912
2911
2910
2909
2908
2907
2906
2905
2904
2903
2902
2901
2830
2829
2828
2827
2826
2825
2824
2823
2822
2821
2820
2819
2818
2817
2816
2815
2814
2813
2812
2811
2810
2809
2808
2807
2806
2805
2804
2803
2802
2801
2730
2729
2728
2727
2726
2725
2724
2723
2722
2721
2720
2719
2718
2717
2716
2715
2714
2713
2712
2711
2710
2709
2708
2707
2706
2705
2704
2703
2702
2701
2630
2629
2628
2627
2626
2625
2624
2623
2622
2621
2620
2619
2618
2617
2616
2615
2614
2613
2612
2611
2610
2609
2608
2607
2606
2605
2604
2603
2602
2601
2530
2529
2528
2527
2526
2525
2524
2523
2522
2521
2520
2519
2518
2517
2516
2515
2514
2513
2512
2511
2510
2509
2508
2507
2506
2505
2504
2503
2502
2501
2430
2429
2428
2427
2426
2425
2424
2423
2422
2421
2420
2419
2418
2417
2416
2415
2414
2413
2412
2411
2410
2409
2408
2407
2406
2405
2404
2403
2402
2401
2330
2329
2328
2327
2326
2325
2324
2323
2322
2321
2320
2319
2318
2317
2316
2315
2314
2313
2312
2311
2310
2309
2308
2307
2306
2305
2304
2303
2302
2301
2230
2229
2228
2227
2226
2225
2224
2223
2222
2221
2220
2219
2218
2217
2216
2215
2214
2213
2212
2211
2210
2209
2208
2207
2206
2205
2204
2203
2202
2201
2130
2129
2128
2127
2126
2125
2124
2123
2122
2121
2120
2119
2118
2117
2116
2115
2114
2113
2112
2111
2110
2109
2108
2107
2106
2105
2104
2103
2102
2101
2030
2029
2028
2027
2026
2025
2024
2023
2022
2021
2020
2019
2018
2017
2016
2015
2014
2013
2012
2011
2010
2009
2008
2007
2006
2005
2004
2003
2002
2001
1930
1929
1928
1927
1926
1925
1924
1923
1922
1921
1920
1919
1918
1917
1916
1915
1914
1913
1912
1911
1910
1909
1908
1907
1906
1905
1904
1903
1902
1901
1830
1829
1828
1827
1826
1825
1824
1823
1822
1821
1820
1819
1818
1817
1816
1815
1814
1813
1812
1811
1810
1809
1808
1807
1806
1805
1804
1803
1802
1801
1730
1729
1728
1727
1726
1725
1724
1723
1722
1721
1720
1719
1718
1717
1716
1715
1714
1713
1712
1711
1710
1709
1708
1707
1706
1705
1704
1703
1702
1701
1630
1629
1628
1627
1626
1625
1624
1623
1622
1621
1620
1619
1618
1617
1616
1615
1614
1613
1612
1611
1610
1609
1608
1607
1606
1605
1604
1603
1602
1601
1530
1529
1528
1527
1526
1525
1524
1523
1522
1521
1520
1519
1518
1517
1516
1515
1514
1513
1512
1511
1510
1509
1508
1507
1506
1505
1504
1503
1502
1501
1430
1429
1428
1427
1426
1425
1424
1423
1422
1421
1420
1419
1418
1417
1416
1415
1414
1413
1412
1411
1410
1409
1408
1407
1406
1405
1404
1403
1402
1401
1330
1329
1328
1327
1326
1325
1324
1323
1322
1321
1320
1319
1318
1317
1316
1315
1314
1313
1312
1311
1310
1309
1308
1307
1306
1305
1304
1303
1302
1301
1230
1229
1228
1227
1226
1225
1224
1223
1222
1221
1220
1219
1218
1217
1216
1215
1214
1213
1212
1211
1210
1209
1208
1207
1206
1205
1204
1203
1202
1201
1130
1129
1128
1127
1126
1125
1124
1123
1122
1121
1120
1119
1118
1117
1116
1115
1114
1113
1112
1111
1110
1109
1108
1107
1106
1105
1104
1103
1102
1101
1030
1029
1028
1027
1026
1025
1024
1023
1022
1021
1020
1019
1018
1017
1016
1015
1014
1013
1012
1011
1010
1009
1008
1007
1006
1005
1004
1003
1002
1001
0930
0929
0928
0927
0926
0925
0924
0923
0922
0921
0920
0919
0918
0917
0916
0915
0914
0913
0912
0911
0910
0909
0908
0907
0906
0905
0904
0903
0902
0901
0830
0829
0828
0827
0826
0825
0824
0823
0822
0821
0820
0819
0818
0817
0816
0815
0814
0813
0812
0811
0810
0809
0808
0807
0806
0805
0804
0803
0802
0801
0730
0729
0728
0727
0726
0725
0724
0723
0722
0721
0720
0719
0718
0717
0716
0715
0714
0713
0712
0711
0710
0709
0708
0707
0706
0705
0704
0703
0702
0701
0630
0629
0628
0627
0626
0625
0624
0623
0622
0621
0620
0619
0618
0617
0616
0615
0614
0613
0612
0611
0610
0609
0608
0607
0606
0605
0604
0603
0602
0601
0530
0529
0528
0527
0526
0525
0524
0523
0522
0521
0520
0519
0518
0517
0516
0515
0514
0513
0512
0511
0510
0509
0508
0507
0506
0505
0504
0503
0502
0501
0430
0429
0428
0427
0426
0425
0424
0423
0422
0421
0420
0419
0418
0417
0416
0415
0414
0413
0412
0411
0410
0409
0408
0407
0406
0405
0404
0403
0402
0401
0330
0329
0328
0327
0326
0325
0324
0323
0322
0321
0320
0319
0318
0317
0316
0315
0314
0313
0312
0311
0310
0309
0308
0307
0306
0305
0304
0303
0302
0301
0230
0229
0228
0227
0226
0225
0224
0223
0222
0221
0220
0219
0218
0217
0216
0215
0214
0213
0212
0211
0210
0209
0208
0207
0206
0205
0204
0203
0202
0201
0130
0129
0128
0127
0126
0125
0124
0123
0122
0121
0120
0119
0118
0117
0116
0115
0114
0113
0112
0111
0110
0109
0108
0107
0106
0105
0104
0103
0102
0101
