0.05966054265198395 3.0
0.0671092239922701 3.0
0.07210111835285096 3.0
0.08037585204838507 3.0
0.08769251484236085 3.0
0.09660978883910455 3.0
0.10850960641661545 3.0
0.11710792410849548 3.0
0.13229519933736555 3.0
0.14065887181076084 3.0
0.16328861968023645 3.0
0.1718200168890403 3.0
0.19698050301142217 3.0
0.2084315880351286 3.0
0.24020329523410686 3.0
0.2529445652121358 3.0
0.2862097746886192 3.0
0.3096975121284361 3.0
0.3461907978056657 3.0
0.37006866954143147 3.0
0.4090844902195504 3.0
0.456245880267601 3.0
0.4939152984088369 3.0
0.5389779534617475 3.0
0.5805781567970334 3.0
0.6663192984507731 3.0
0.7026968345257785 0.0
0.7808998010550112 2.0
0.8220925751848543 0.0
0.9669690928209821 1.0
0.058647555558308584 3.0
0.0667212551581169 3.0
0.07102667861177686 3.0
0.08028402899167221 3.0
0.086431434999812 3.0
0.0968907043108187 3.0
0.10430017938596456 3.0
0.11571919019241098 3.0
0.12699196619377165 3.0
0.1390106651068597 3.0
0.15839410187754435 3.0
0.16925367132006164 3.0
0.19268505654081597 3.0
0.2029189867334686 3.0
0.23811447477046715 3.0
0.24898069551934726 3.0
0.2856071384302 3.0
0.302380988769347 3.0
0.3478080573267818 3.0
0.3662485063662274 3.0
0.41202903229790566 3.0
0.45012671558830586 3.0
0.49852244851494976 3.0
0.5337253989195544 3.0
0.5862610662513859 3.0
0.662403119952278 3.0
0.7097947823492712 0.0
0.7754223097188178 2.0
0.830396540590762 0.0
0.9657081390025846 1.0
0.05762826025911604 3.0
0.06576098897317037 3.0
0.06989559386948552 3.0
0.07959909055418908 3.0
0.08491932826417604 3.0
0.09663376499194232 3.0
0.10278560392247534 3.0
0.1159007576918531 3.0
0.12524816738397918 3.0
0.13972002706988962 3.0
0.15081216864820884 3.0
0.16636908689045996 3.0
0.18389034210335364 3.0
0.19984249527118988 3.0
0.2319222983488015 3.0
0.2450094462544964 3.0
0.2808185213222879 3.0
0.2927966952768004 3.0
0.3471246745548149 3.0
0.3612084400728529 3.0
0.4133046374900907 3.0
0.43928061719634026 3.0
0.5026042057481434 3.0
0.5298921997871309 3.0
0.591696716636705 3.0
0.6548554339322424 3.0
0.7169644266154255 0.0
0.767973987777409 3.0
0.838784384435113 0.0
0.9623898394804857 1.0
0.05680734406344497 3.0
0.06414033707993348 3.0
0.06882307810319924 3.0
0.07809785563515739 3.0
0.0832594057891427 3.0
0.09551597456748662 3.0
0.10108599794725726 3.0
0.11524486698800653 3.0
0.12297952100575166 3.0
0.13972944120540404 3.0
0.14867157958662086 3.0
0.16696589882277138 3.0
0.18146023155854485 3.0
0.2011505223673254 3.0
0.21781870235737533 3.0
0.23874881721944846 3.0
0.2661430349132786 3.0
0.2869943708485243 3.0
0.3408840354950103 3.0
0.3554911449638137 3.0
0.40926522400223936 3.0
0.4224406036896503 3.0
0.5052122961766544 3.0
0.5244488053529789 3.0
0.596291578635556 3.0
0.6390710478522794 3.0
0.7242064915307328 0.0
0.7651400670866382 3.0
0.8472569539748617 0.0
0.9536574723170677 1.0
0.0562540948968009 3.0
0.06195439804706258 3.0
0.06787439855518415 3.0
0.07563912265990039 3.0
0.08169452565684485 3.0
0.09310882330327891 3.0
0.0991914904009199 3.0
0.11309844794692439 3.0
0.12007495618940664 3.0
0.1382667984295937 3.0
0.14592324714960045 3.0
0.16612036129798594 3.0
0.17775536845933165 3.0
0.2012634162681636 3.0
0.21440643589092798 3.0
0.239495219133254 3.0
0.262286885620747 3.0
0.28867770045388763 3.0
0.3134394519693542 3.0
0.34139893186818804 3.0
0.3843060791722803 3.0
0.4112474083939127 3.0
0.5027704013503355 3.0
0.5168716680070748 3.0
0.5952138791385341 3.0
0.6084852744066569 3.0
0.7315217086169018 0.0
0.7606663859136908 3.0
0.8558151050251128 2.0
0.9306775587291256 1.0
0.05526532425126978 1.0
0.05928100869827737 1.0
0.0663553926089879 1.0
0.07209937579733122 1.0
0.07993860872207018 1.0
0.08866344293620723 1.0
0.09659435947519286 1.0
0.10806116361435393 1.0
0.1161161734972816 1.0
0.13332605240555898 1.0
0.14143757908951982 1.0
0.16123198149934503 1.0
0.17110722137444254 1.0
0.1973830996571864 1.0
0.20801891313358878 1.0
0.23590548645576967 1.0
0.25380216241042364 1.0
0.28642861186338264 1.0
0.30480412816764835 1.0
0.33906805127807 1.0
0.37482501976908533 1.0
0.4102194453573341 1.0
0.44440669442981545 1.0
0.4824628353187467 1.0
0.5492695620312401 1.0
0.5843617187842711 1.0
0.7389108167847493 3.0
0.7487083443236567 3.0
0.857058762874527 2.0
0.8702041019187519 2.0
0.05962527448462318 3.0
0.06707815430474746 3.0
0.07207660911892336 3.0
0.08035662068962643 3.0
0.08767548744023584 3.0
0.09659798080269545 3.0
0.10849857198576303 3.0
0.11710105302934347 3.0
0.13228807607260681 3.0
0.1406547264387669 3.0
0.16328442470900167 3.0
0.1718176953846567 3.0
0.1969780621356276 3.0
0.20843017076538684 3.0
0.2402020123320971 3.0
0.25294379888018176 3.0
0.286209128803653 3.0
0.3096970565334902 3.0
0.3461904574292556 3.0
0.37006844550563756 3.0
0.40908435000474386 3.0
0.45624576947020823 3.0
0.49391512697299705 3.0
0.538977903608383 3.0
0.5805781043552893 3.0
0.6663192872844905 3.0
0.7026966028718602 0.0
0.7808997923592622 2.0
0.8220925390298711 0.0
0.966969092802213 1.0
0.05858388975491231 3.0
0.06665983579438552 3.0
0.07098158606412762 3.0
0.0802452644737442 3.0
0.08639919689481398 3.0
0.09686703805298777 3.0
0.10427866930894136 3.0
0.11570537764129565 3.0
0.12697753140905832 3.0
0.13900222567399817 3.0
0.15838537859348711 3.0
0.16924898364633106 3.0
0.19267977868188937 3.0
0.20291604319003018 3.0
0.2381116761634399 3.0
0.24897910110529445 3.0
0.28560568035102485 3.0
0.30237998834470414 3.0
0.3478073705300806 3.0
0.36624800060358753 3.0
0.41202874785326515 3.0
0.45012644790249057 3.0
0.49852223703532206 3.0
0.5337252885751296 3.0
0.5862610050626096 3.0
0.662403093252772 3.0
0.7097945483554143 0.0
0.7754222935385917 2.0
0.8303965040705769 0.0
0.9657081389531923 1.0
0.05751498407305167 3.0
0.0656401252626701 3.0
0.06981398181978049 3.0
0.07952071106046388 3.0
0.08485935058524197 3.0
0.0965852269295395 3.0
0.10274466466295112 3.0
0.11587206556828097 3.0
0.1252195777328586 3.0
0.13970334065850548 3.0
0.15079417232591036 3.0
0.16635990356201194 3.0
0.18387885957845154 3.0
0.1998363145505137 3.0
0.23191610314020122 3.0
0.24500618911215452 3.0
0.2808151424717042 3.0
0.2927944746212333 3.0
0.34712315426311924 3.0
0.36120731251110166 3.0
0.41330398873338325 3.0
0.4392799698784011 3.0
0.5026038927530694 3.0
0.5298919188087423 3.0
0.5916966328120432 3.0
0.6548553638389844 3.0
0.7169641902579943 0.0
0.7679739795055246 3.0
0.8387843475460373 0.0
0.9623898393505059 1.0
0.05660652440234647 3.0
0.06390290129317443 3.0
0.06867629821220549 3.0
0.07793834985497816 3.0
0.0831489626011539 3.0
0.0954142428607477 3.0
0.1010089788116422 3.0
0.11518296531495152 3.0
0.12292343889286458 3.0
0.13969355534517844 3.0
0.14863531149088682 3.0
0.16694616026835737 3.0
0.1814356503840496 3.0
0.2011391489366468 3.0
0.21780450367835408 3.0
0.23874282782508638 3.0
0.2661346108687496 3.0
0.2869888807014271 3.0
0.34088037112913483 3.0
0.35548862189923536 3.0
0.4092635589931597 3.0
0.4224389203385994 3.0
0.5052117132328304 3.0
0.5244480825723786 3.0
0.5962914310512103 3.0
0.6390708588703037 3.0
0.7242062527858528 0.0
0.7651400450516443 3.0
0.8472569167131689 0.0
0.9536574719750155 1.0
0.05588818236348322 3.0
0.0614803695052561 3.0
0.06760271998531169 3.0
0.07530485379846345 3.0
0.08148649253226156 3.0
0.0928851158523772 3.0
0.09904371579929219 3.0
0.11295541933777223 3.0
0.1199630979765084 3.0
0.13818068776047637 3.0
0.14584877443783523 3.0
0.16607098162834757 3.0
0.1777012196132881 3.0
0.2012362557523495 3.0
0.21437407005101616 3.0
0.23948118306802804 3.0
0.2622654319605091 3.0
0.28866873503084967 3.0
0.3134284524152837 3.0
0.341394388860402 3.0
0.38430003078885777 3.0
0.4112407061683763 3.0
0.5027688624716043 3.0
0.5168696574802436 3.0
0.5952133943438566 3.0
0.6084845655307662 3.0
0.7315214674604574 0.0
0.7606663262520068 3.0
0.8558150673870394 2.0
0.9306775578289882 1.0
0.05452783835454688 1.0
0.0582705872750785 1.0
0.0657901060415973 1.0
0.07133457879968574 1.0
0.07949880441418766 1.0
0.08811139076609875 1.0
0.09627467494066214 1.0
0.10767907853365635 1.0
0.11586731974095335 1.0
0.13307632884639284 1.0
0.14126701619116405 1.0
0.16107552664517277 1.0
0.17097473362176666 1.0
0.19729141037774847 1.0
0.20793568286671033 1.0
0.2358541185815774 1.0
0.25373960792965267 1.0
0.28640053543486665 1.0
0.3047699207277451 1.0
0.3390541529770316 1.0
0.3748014050275511 1.0
0.4102088217582441 1.0
0.4443959024989656 1.0
0.48245847588215024 1.0
0.5492635460694929 1.0
0.5843513393506574 1.0
0.7389105731923813 3.0
0.7487081443255013 3.0
0.8570585757813816 2.0
0.870204099549969 2.0
0.05854161521583962 3.0
0.0664805264482955 3.0
0.07126675899927228 3.0
0.07991531703557032 3.0
0.08709703022815946 3.0
0.09625139554468183 3.0
0.10810820979208374 3.0
0.11685545598380728 3.0
0.1320365132537016 3.0
0.1404631123532843 3.0
0.16313295759930152 3.0
0.17168933746669873 3.0
0.19689120665800575 3.0
0.20833514646595191 3.0
0.2401552001443562 3.0
0.2528859355381497 3.0
0.2861855281279707 3.0
0.30965908149274113 3.0
0.3461767241432739 3.0
0.3700486611127183 3.0
0.4090781111238 3.0
0.4562355710269842 3.0
0.49390642653896316 3.0
0.5389730836771609 3.0
0.5805747351362859 3.0
0.6663181385624606 3.0
0.7026843924621133 0.0
0.7808987998177832 2.0
0.822089645056641 0.0
0.9669690904614723 1.0
0.05672116530012943 3.0
0.06562614373267334 3.0
0.06953141601258155 3.0
0.07947144602204462 3.0
0.08532179757666858 3.0
0.09628719802027841 3.0
0.10352001638531959 3.0
0.11529190879684016 3.0
0.12646975465695043 3.0
0.13865835348801747 3.0
0.15806996819930402 3.0
0.16901694225928568 3.0
0.1924928774753099 3.0
0.20273048064875543 3.0
0.23801067957886668 3.0
0.24886375691652773 3.0
0.28555374950344514 3.0
0.3022982249178868 3.0
0.3477815040479184 3.0
0.36620380337210434 3.0
0.41201730174639056 3.0
0.4501019563352926 3.0
0.4985120953264518 3.0
0.5337149669200272 3.0
0.5862571698500126 3.0
0.6624003815100197 3.0
0.7097822146081953 0.0
0.7754204469970065 2.0
0.8303935808652939 0.0
0.9657081327933481 1.0
0.054436628397952366 3.0
0.06385931322552474 3.0
0.06730027150143211 3.0
0.07814597128608021 3.0
0.08290531395758727 3.0
0.09556258258491493 3.0
0.10130874707041507 3.0
0.11514086042398394 3.0
0.12421760409710209 3.0
0.13915587648756456 3.0
0.1501386889049289 3.0
0.16598189156287363 3.0
0.1834741692555221 3.0
0.1994748454116113 3.0
0.23169306464950423 3.0
0.24478435836038298 3.0
0.2806965884525425 3.0
0.29261721893996795 3.0
0.347068205151058 3.0
0.3611100647326805 3.0
0.4132795459821925 3.0
0.43922117036599356 3.0
0.5025901912626625 3.0
0.5298657911789251 3.0
0.5916916027624828 3.0
0.6548482629840845 3.0
0.7169517319274701 0.0
0.7679730357701061 3.0
0.8387813948134282 0.0
0.96238982314039 1.0
0.051758214690649604 3.0
0.06089935377790351 3.0
0.06449479809260036 3.0
0.07551515542256435 3.0
0.07972412499512065 3.0
0.0935690260776812 3.0
0.09835361726529897 3.0
0.1138240167366344 3.0
0.12097376953529194 3.0
0.13872021343150037 3.0
0.1472986891530515 3.0
0.16628167415566716 3.0
0.18056928744623157 3.0
0.20061462082971315 3.0
0.21728640076926126 3.0
0.23839203189667185 3.0
0.26584508361800163 3.0
0.28656157328451 3.0
0.3407507453278029 3.0
0.35527520126392154 3.0
0.40920333987528035 3.0
0.4222878699783362 3.0
0.5051887241426404 3.0
0.5243813492951143 3.0
0.5962830992172156 3.0
0.6390518377971646 3.0
0.7241936686136061 0.0
0.7651375316679022 3.0
0.847253934154978 0.0
0.9536574293168159 1.0
0.04867773864819615 3.0
0.05657412347958735 3.0
0.060979620492473206 3.0
0.07111569149290166 3.0
0.07571651116852607 3.0
0.08953513116801902 3.0
0.09426468197005483 3.0
0.11035180757823004 3.0
0.11622223556061097 3.0
0.13628949155359418 3.0
0.14309914114687367 3.0
0.16473399753527682 3.0
0.17579284739029843 3.0
0.20029371162940232 3.0
0.21315863852840933 3.0
0.23886290161172408 3.0
0.26153255168897566 3.0
0.28810741870966683 3.0
0.31302872141077226 3.0
0.34104248589388003 3.0
0.3840983534977022 3.0
0.4106568007782095 3.0
0.5027134416362852 3.0
0.5166864750953878 3.0
0.5951895871073851 3.0
0.6084164153123184 3.0
0.7315087561753597 0.0
0.7606595246498042 3.0
0.855812054701998 2.0
0.9306774455705682 1.0
0.04442375310036343 1.0
0.05051746038669895 1.0
0.05581394685005499 1.0
0.06419801842639133 1.0
0.07013241487841676 1.0
0.08195108911265404 1.0
0.08782767455886754 1.0
0.10249151937626069 1.0
0.10866721951904634 1.0
0.12904387261034053 1.0
0.13543888861885844 1.0
0.15797922003002812 1.0
0.1665180130005663 1.0
0.1950982653430915 1.0
0.20475355559232683 1.0
0.23432611513247836 1.0
0.2515836517215083 1.0
0.2852985693775393 1.0
0.3034529173759585 1.0
0.3383691175687725 1.0
0.37402514344349624 1.0
0.4094559730695681 1.0
0.44398844759462 1.0
0.4820832798091859 1.0
0.5490699107370063 1.0
0.5834389571468384 1.0
0.7388977335104644 3.0
0.7486854342468884 3.0
0.8570455087624336 2.0
0.8702038041330744 2.0
0.05004105004053863 3.0
0.05573714616967709 3.0
0.06347372244779881 3.0
0.06958507281580614 3.0
0.08022983411757809 3.0
0.08691784146172234 3.0
0.10252261804294936 3.0
0.10889288769406179 3.0
0.12759475823697153 3.0
0.13407331066944753 3.0
0.15992100753342248 3.0
0.16691823110238774 3.0
0.1946074465568711 3.0
0.20497056857661544 3.0
0.23861373516004464 3.0
0.25073050039695244 3.0
0.28520369010154406 3.0
0.3083490509919516 3.0
0.34537229558840243 3.0
0.3693621790110936 3.0
0.4086198183854354 3.0
0.45589025242440145 3.0
0.4931568811892972 3.0
0.5387948491291736 3.0
0.5802309329130639 3.0
0.6662607436259771 3.0
0.7016031582534159 0.0
0.7808325017619457 2.0
0.8217598317960431 0.0
0.9669648314614526 1.0
0.04516543126140564 4.0
0.05141585476119254 3.0
0.058249381164969624 3.0
0.065236302122055 3.0
0.07482216184922583 3.0
0.08273821277285912 3.0
0.09428179320297488 3.0
0.10257317043620058 3.0
0.1186615126300857 3.0
0.12766994568190396 3.0
0.15218925531514904 3.0
0.16025345856140943 3.0
0.18808162343986717 3.0
0.19618990208959647 3.0
0.2351135303477289 3.0
0.24445005641940626 3.0
0.28364595540651216 3.0
0.29948130793626077 3.0
0.34652436561512984 3.0
0.3646574089090014 3.0
0.41129224038052814 3.0
0.4492895496901942 3.0
0.49767804475616617 3.0
0.5333963739761616 3.0
0.5858710225989663 3.0
0.6622746020520704 3.0
0.7086900588418342 0.0
0.775303004402021 2.0
0.8300604361576193 0.0
0.9656969248985595 1.0
0.040407139916381826 4.0
0.046263787106799306 3.0
0.05251602084279783 4.0
0.059702740796109 3.0
0.06789718928226927 3.0
0.07693400823842925 3.0
0.08723592315006408 3.0
0.09691755951909942 3.0
0.11159275046342924 3.0
0.12248034913037338 3.0
0.13958340211767653 3.0
0.15071619271373063 3.0
0.17501010478616863 3.0
0.18702788922232016 3.0
0.2260439420744234 3.0
0.2358557898700832 3.0
0.2767376274978551 3.0
0.286592502608135 3.0
0.34479031792274417 3.0
0.3576485484079773 3.0
0.41191097283155415 3.0
0.43731651689561035 3.0
0.5015566968643854 3.0
0.5290886878486184 3.0
0.5911975849110251 3.0
0.6545336970014966 3.0
0.715848544284681 0.0
0.7679187653960908 3.0
0.8384448850076962 0.0
0.9623603286804199 1.0
0.03509842001074219 4.0
0.04115767838964844 4.0
0.046374936703124994 4.0
0.05357878852001952 4.0
0.06038884233984374 4.0
0.06968545053845214 3.0
0.07851669443627927 3.0
0.0892801701535034 3.0
0.10189366799523923 3.0
0.1146977474868164 3.0
0.13015151430743407 3.0
0.14343377474441527 3.0
0.16589692589035032 3.0
0.18072281915441893 3.0
0.20583908800946044 3.0
0.22056409206092834 3.0
0.25721525903846737 3.0
0.2731018998172302 3.0
0.33610204192135124 3.0
0.3472979257475662 3.0
0.40610671357039585 3.0
0.4176864329198227 3.0
0.5036588637393675 3.0
0.52246373168124 3.0
0.5954944090297598 3.0
0.6382601856328354 3.0
0.723079337661294 0.0
0.7650036145647545 3.0
0.8469140252602992 0.0
0.9535798123168945 1.0
0.027963945000000004 4.0
0.03440766609375 4.0
0.038522171718750005 4.0
0.046258018476562496 3.0
0.05174528337890626 3.0
0.06150469415039063 3.0
0.06921300638671875 3.0
0.08020373849121093 3.0
0.09048525506835935 3.0
0.10404984324462889 3.0
0.1172675480126953 3.0
0.13246742588378904 3.0
0.1518237007543945 3.0
0.16990737637573242 3.0
0.1928859931018066 3.0
0.21073379718017576 3.0
0.24504817760009764 3.0
0.26503607048034666 3.0
0.30116743365783694 3.0
0.32031321756225584 3.0
0.3755330643145751 3.0
0.3965803324520874 3.0
0.4997627966839501 3.0
0.5112997574801635 3.0
0.5931233005339084 3.0
0.6061832618797303 3.0
0.7303831693548424 0.0
0.7603178874073792 3.0
0.8554687123841407 2.0
0.9304731903076171 1.0
0.015989399999999997 1.0
0.024469087500000004 1.0
0.026517712500000002 1.0
0.03652036875 1.0
0.04042445625 1.0
0.050659912499999994 1.0
0.05686120312500001 1.0
0.0683974453125 1.0
0.076603284375 1.0
0.09021307734375 1.0
0.10161864140625 1.0
0.11696611640624997 1.0
0.13208777109374997 1.0
0.15138003808593747 1.0
0.1706230962890625 1.0
0.19159925507812497 1.0
0.2208394538085937 1.0
0.24645920419921874 1.0
0.2789156416992187 1.0
0.3021481357910156 1.0
0.35407922028808597 1.0
0.38158470175781245 1.0
0.4303008219140625 1.0
0.4557011017089843 1.0
0.5394042611660155 1.0
0.5678876830810546 1.0
0.7377607771261034 3.0
0.7472968746520996 3.0
0.8555777740457031 2.0
0.8696662902832031 2.0
0.023878125 4.0
0.026071874999999998 4.0
0.03780000000000001 4.0
0.041022 4.0
0.05354099999999999 4.0
0.059310375000000005 4.0
0.07100968749999999 4.0
0.08022298437500001 4.0
0.09202669531249999 4.0
0.10387909375 4.0
0.11833923828125 4.0
0.13350219921875 4.0
0.15086530859374997 4.0
0.17076376367187499 4.0
0.19237764453124997 3.0
0.21751051171875 4.0
0.24089832910156248 3.0
0.27924355810546875 3.0
0.30894036962890625 3.0
0.3501921901855468 3.0
0.37436881982421877 3.0
0.44105913085937504 3.0
0.46995769824218747 3.0
0.5291477752929687 3.0
0.5577291142578125 3.0
0.6613738913476561 3.0
0.6901986142578125 3.0
0.7743837056054688 2.0
0.8102282163085938 2.0
0.9664336808 1.0
0.00243 4.0
0.00243 4.0
0.012555 4.0
0.013364999999999998 4.0
0.0308475 4.0
0.0339525 4.0
0.0534825 4.0
0.0582075 4.0
0.07933875 4.0
0.08600625 4.0
0.10721312499999999 4.0
0.12037062500000001 4.0
0.13844093749999997 4.0
0.15739984375 4.0
0.178165078125 4.0
0.200762734375 4.0
0.228124375 4.0
0.25764328124999997 4.0
0.2897072265624999 3.0
0.32827650390625 3.0
0.35688142578125 3.0
0.418010830078125 3.0
0.45920152343750004 3.0
0.518290283203125 3.0
0.54737267578125 3.0
0.651383591796875 3.0
0.687009375 3.0
0.7670553472656251 3.0
0.80670291015625 2.0
0.9642991599999999 1.0
0.0 0.0
0.0 0.0
0.0 0.0
0.0 0.0
0.0 0.0
0.0 0.0
0.0081 4.0
0.0081 4.0
0.0351 4.0
0.0378 4.0
0.073575 4.0
0.081675 4.0
0.11561249999999999 4.0
0.1246125 4.0
0.16226875 4.0
0.17654375000000003 4.0
0.20989062499999997 4.0
0.24050312499999998 4.0
0.26729218749999994 4.0
0.303478125 4.0
0.3440953125 4.0
0.38688671875 4.0
0.43868671875 3.0
0.496321484375 3.0
0.527021875 3.0
0.6280281249999999 3.0
0.679825 3.0
0.761973359375 3.0
0.79834609375 2.0
0.958682 1.0
0.0 0.0
0.0 0.0
0.0 0.0
0.0 0.0
0.0 0.0
0.0 0.0
0.0 0.0
0.0 0.0
0.0 0.0
0.0 0.0
0.0 0.0
0.0 0.0
0.027 4.0
0.027 4.0
0.0945 4.0
0.10350000000000001 4.0
0.16649999999999998 4.0
0.186 4.0
0.24212499999999998 4.0
0.255875 4.0
0.32337499999999997 4.0
0.35800000000000004 4.0
0.40240624999999997 4.0
0.47234375 4.0
0.5152812499999999 4.0
0.5753281250000001 3.0
0.6636875 3.0
0.750515625 3.0
0.78128125 2.0
0.9439 1.0
0.0 0.0
0.0 0.0
0.0 0.0
0.0 0.0
0.0 0.0
0.0 0.0
0.0 0.0
0.0 0.0
0.0 0.0
0.0 0.0
0.0 0.0
0.0 0.0
0.0 0.0
0.0 0.0
0.0 0.0
0.0 0.0
0.0 0.0
0.0 0.0
0.09 4.0
0.09 4.0
0.24 4.0
0.27 4.0
0.355 4.0
0.395 4.0
0.49624999999999997 4.0
0.50875 4.0
0.624375 3.0
0.724375 3.0
0.761875 3.0
0.905 2.0
0.0 0.0
0.0 0.0
0.0 0.0
0.0 0.0
0.0 0.0
0.0 0.0
0.0 0.0
0.0 0.0
0.0 0.0
0.0 0.0
0.0 0.0
0.0 0.0
0.0 0.0
0.0 0.0
0.0 0.0
0.0 0.0
0.0 0.0
0.0 0.0
0.0 0.0
0.0 0.0
0.0 0.0
0.0 0.0
0.0 0.0
0.0 0.0
0.3 4.0
0.3 4.0
0.55 4.0
0.65 3.0
0.725 3.0
0.775 3.0
0.039598457543772045 0.0
0.042247034609270824 0.0
0.047792140666283275 0.0
0.0513368664997371 0.0
0.05787514989391931 0.0
0.0620367179854384 0.0
0.06932020123989097 0.0
0.07551368479209475 0.0
0.08349528797617697 0.0
0.09305218953592223 0.0
0.10092046925125468 0.0
0.11328454810376856 0.0
0.12118638869134961 0.0
0.14016742034069526 0.0
0.14803567961770975 0.0
0.16889756724827684 0.0
0.17890664823460534 0.0
0.2071443980165324 0.0
0.217798315280312 0.0
0.2463624510538918 0.0
0.2659941223085786 0.0
0.2996592169440764 0.0
0.31847379099061746 0.0
0.35293691938008454 0.0
0.3933632832238123 0.0
0.42827320200022245 0.0
0.4630712358129762 0.0
0.5010871944380515 0.0
0.5765824565409023 0.0
0.6010205096002686 0.0
0.038874631625275206 0.0
0.041632080346278674 0.0
0.047161679451749865 0.0
0.0504668756661536 0.0
0.057443028739632786 0.0
0.06113106857520452 0.0
0.06913467978063159 0.0
0.074377859918481 0.0
0.08364343616294558 0.0
0.08974507021824824 0.0
0.09986758001661752 0.0
0.10940707173590021 0.0
0.12024471644346371 0.0
0.13566531280472022 0.0
0.14578111679454542 0.0
0.16478637423187156 0.0
0.17470340652293387 0.0
0.20457700405063792 0.0
0.21454700104793786 0.0
0.24493750384580576 0.0
0.2591909439012371 0.0
0.30056879666925396 0.0
0.31553804372209204 0.0
0.35490405209550635 0.0
0.38656563531122146 0.0
0.43226708965132205 0.0
0.4594343191157854 0.0
0.5058359779107087 0.0
0.5718450784398217 0.0
0.6027213589340497 0.0
0.03790469536089685 0.0
0.04112328705392428 0.0
0.04616538798381055 0.0
0.04965900684556687 0.0
0.05654764498041178 0.0
0.060230578944736705 0.0
0.06845838838983115 0.0
0.07309279239863684 0.0
0.08332913603129857 0.0
0.0885080186004531 0.0
0.0999444598205201 0.0
0.10786184919238025 0.0
0.12081008191138004 0.0
0.1298518691304524 0.0
0.1437401985309581 0.0
0.1586118099627029 0.0
0.17307905545102323 0.0
0.19841400291355288 0.0
0.21091689605498135 0.0
0.23986203943205797 0.0
0.2518952332069587 0.0
0.2989125853698672 0.0
0.3115425834717813 0.0
0.354714088951312 0.0
0.3759862602310148 0.0
0.4357478124547667 0.0
0.457184196531352 0.0
0.5101115566601099 0.0
0.5625303696923722 0.0
0.6072569571574656 0.0
0.03693885054912479 0.0
0.040839020707265514 0.0
0.045009845655004065 0.0
0.04916461246570228 0.0
0.05527774538027813 0.0
0.0595288792387073 0.0
0.06731083538487655 0.0
0.0719345920572799 0.0
0.08248158821139218 0.0
0.08734980334792072 0.0
0.09955266069861554 0.0
0.10617136628780247 0.0
0.12100969606302137 0.0
0.12845294865716445 0.0
0.14455837886310643 0.0
0.15682179165392912 0.0
0.174549777020871 0.0
0.18821997227446408 0.0
0.20695391118280324 0.0
0.23036688114991527 0.0
0.24928001819557294 0.0
0.2918879314763249 0.0
0.3063314172384381 0.0
0.34961265856794266 0.0
0.3635589794304266 0.0
0.43778767501531163 0.0
0.4540177903303006 0.0
0.513040530452098 0.0
0.5464235135292583 0.0
0.6193518857532417 0.0
0.03654920341727019 0.0
0.04102965666419056 0.0
0.04438713242011045 0.0
0.0494111075850279 0.0
0.05429849771079611 0.0
0.059552187568966214 0.0
0.06639711307941307 0.0
0.07175062263000642 0.0
0.0816841034674521 0.0
0.08700956177818817 0.0
0.09935340056498884 0.0
0.10536827497480822 0.0
0.12142910656656003 0.0
0.12813476052817724 0.0
0.14599379116836314 0.0
0.1559045587897307 0.0
0.17678837160176836 0.0
0.1884804740958833 0.0
0.21047816461928726 0.0
0.23000560389416042 0.0
0.2534993067942818 0.0
0.2755974159198643 0.0
0.3000121112954267 0.0
0.337086543709313 0.0
0.36100533740781404 0.0
0.4359120914239293 0.0
0.4500477216337774 0.0
0.5122929761804816 0.0
0.52645181068223 0.0
0.6516050286753112 0.0
0.03818353374777648 0.0
0.04305702516218692 0.0
0.04626631065629664 0.0
0.051824344838004216 0.0
0.05613255095924905 0.0
0.06221147404205038 0.0
0.06899780459741427 0.0
0.07521882018273551 0.0
0.0844982235076466 0.0
0.09058791898564861 0.0
0.10371042000729189 0.0
0.10987484522504604 0.0
0.12642785118697367 0.0
0.1336737816082172 0.0
0.15341128999319875 0.0
0.16194332769552489 0.0
0.185007045741333 0.0
0.1978104694213738 0.0
0.22220705437336266 0.0
0.23852325728200918 0.0
0.26577870609408405 0.0
0.290519748023156 0.0
0.31756946146905785 0.0
0.3496278878602612 0.0
0.37831918096989964 0.0
0.42352142701239537 0.0
0.45141891336641626 0.0
0.509055840273424 0.0
0.5336673932338614 0.0
0.7376134098008299 0.0
0.03952218860110869 0.0
0.04219748217611409 0.0
0.04774057946108433 0.0
0.05130021929786768 0.0
0.05784163221171815 0.0
0.062011315117761624 0.0
0.0692992833094389 0.0
0.07549557360734169 0.0
0.08348246745795121 0.0
0.09304051994778414 0.0
0.1009130575229627 0.0
0.11327669531044338 0.0
0.12118189188213271 0.0
0.14016287436296884 0.0
0.14803324685652564 0.0
0.16889476098309963 0.0
0.1789050749745513 0.0
0.20714299317323498 0.0
0.21779752859017326 0.0
0.2463616875663782 0.0
0.2659935739130536 0.0
0.299658866246147 0.0
0.3184735585915411 0.0
0.35293677027782383 0.0
0.3933631306856469 0.0
0.4282730448977764 0.0
0.46307118474856374 0.0
0.50108716610525 0.0
0.5765824483698686 0.0
0.6010205095937592 0.0
0.03873266714190432 0.0
0.04154503307217662 0.0
0.04706294742248068 0.0
0.05040138789949984 0.0
0.05737731451159395 0.0
0.061084837671756306 0.0
0.06909271118387472 0.0
0.07434399821051951 0.0
0.08361768754720508 0.0
0.08972267460060393 0.0
0.0998525030815695 0.0
0.10939140881262631 0.0
0.12023566849565705 0.0
0.135655988804477 0.0
0.14577622384544056 0.0
0.1647803489372408 0.0
0.17470021158743265 0.0
0.204573944598546 0.0
0.21454540897020785 0.0
0.24493575232374334 0.0
0.2591897491989858 0.0
0.30056807295440335 0.0
0.3155375343356467 0.0
0.35490371567825396 0.0
0.3865652552422863 0.0
0.4322669047053227 0.0
0.4594341991242449 0.0
0.5058359388767564 0.0
0.5718450566997906 0.0
0.6027213589166912 0.0
0.03764698711574142 0.0
0.040972773039357153 0.0
0.045980482066151275 0.0
0.049544350480090954 0.0
0.056420945101377726 0.0
0.060148235795065695 0.0
0.06837516425538498 0.0
0.0730310841618601 0.0
0.08327715946737474 0.0
0.08846629327570014 0.0
0.09991343798884005 0.0
0.10783156392188528 0.0
0.12079213477123844 0.0
0.12983320033840406 0.0
0.14373040780902033 0.0
0.158599121360938 0.0
0.1730727562785871 0.0
0.19840736466633677 0.0
0.21091377807611925 0.0
0.23985801746326563 0.0
0.2518926946522277 0.0
0.2989109684586728 0.0
0.3115415060863156 0.0
0.3547132756633006 0.0
0.37598531680711245 0.0
0.4357475556228661 0.0
0.4571838848257952 0.0
0.5101114894586466 0.0
0.5625303118489355 0.0
0.6072569571111766 0.0
0.03648906434880271 0.0
0.04058442989274692 0.0
0.044676268988091905 0.0
0.048969305345755304 0.0
0.05504161074292624 0.0
0.05938631664186632 0.0
0.06715080603274176 0.0
0.07182611887209568 0.0
0.08237886990115421 0.0
0.08727480391098022 0.0
0.09948967436854941 0.0
0.10611518674097781 0.0
0.12097321045332235 0.0
0.12841736389072345 0.0
0.1445382596656345 0.0
0.15679637942708508 0.0
0.17453846937480513 0.0
0.18820593464776322 0.0
0.20694811963708265 0.0
0.23035782090888202 0.0
0.24927493206734105 0.0
0.2918842026569638 0.0
0.3063292669911297 0.0
0.3496106373842579 0.0
0.36355665261532943 0.0
0.43778722887512345 0.0
0.4540169811504762 0.0
0.5130403885098886 0.0
0.5464233596221457 0.0
0.6193518856298041 0.0
0.03582380209155114 0.0
0.040622426395346786 0.0
0.043831863503114965 0.0
0.049098321723085904 0.0
0.05389251279542609 0.0
0.05931979524568465 0.0
0.0661133967495391 0.0
0.07157321901574673 0.0
0.08149629864260154 0.0
0.08688403599144538 0.0
0.09923481668778417 0.0
0.10527261169598606 0.0
0.12135897212317676 0.0
0.1280722336575797 0.0
0.14595417604033056 0.0
0.15585824651171776 0.0
0.176767183301964 0.0
0.18845403997875154 0.0
0.2104672635051517 0.0
0.22998749163482762 0.0
0.2534924460111998 0.0
0.2755890112802991 0.0
0.30000838782943556 0.0
0.3370816386808312 0.0
0.36099984144344566 0.0
0.435911142873205 0.0
0.45004562348259625 0.0
0.5122926353059971 0.0
0.5264514011634005 0.0
0.6516050283461445 0.0
0.03725955163572453 0.0
0.04253636434599413 0.0
0.04555039054195415 0.0
0.05143005351404141 0.0
0.05560197668837083 0.0
0.06191144571449691 0.0
0.06862331279844791 0.0
0.07499459763437126 0.0
0.08424713420054461 0.0
0.0904237464526903 0.0
0.10355065118891832 0.0
0.10975223090086285 0.0
0.1263325152840562 0.0
0.1335902735535022 0.0
0.15335701752597075 0.0
0.1618823827682614 0.0
0.18497862003703733 0.0
0.19777418588225898 0.0
0.2221918830367063 0.0
0.2384985726653226 0.0
0.26577103427162196 0.0
0.290508127581832 0.0
0.31756389166301124 0.0
0.34962082374605696 0.0
0.378314904498531 0.0
0.4235191411361653 0.0
0.4514135182947555 0.0
0.5090551183679439 0.0
0.5336663035524323 0.0
0.7376134089230522 0.0
0.03852505917255154 0.0
0.04081718914609245 0.0
0.046949778474355525 0.0
0.05020094911260546 0.0
0.057231492335206774 0.0
0.06117490760749609 0.0
0.06884579302730992 0.0
0.07488729100377736 0.0
0.08313013770784942 0.0
0.092622511281084 0.0
0.10066687818722317 0.0
0.11300211223781398 0.0
0.12098327826893554 0.0
0.13999550076614412 0.0
0.14790558301005396 0.0
0.16879684659156574 0.0
0.17880041851054734 0.0
0.2070907919707955 0.0
0.21773874752661618 0.0
0.2463349639546096 0.0
0.2659475326614753 0.0
0.2996446469338585 0.0
0.3184527691912345 0.0
0.35293061789573354 0.0
0.393349112978991 0.0
0.4282650101931301 0.0
0.46306623780064676 0.0
0.5010849896572346 0.0
0.5765815158300673 0.0
0.6010204977498451 0.0
0.03710734739413078 0.0
0.03931442171033165 0.0
0.04572796324290346 0.0
0.04854740005694599 0.0
0.05633011487360632 0.0
0.05961307056800332 0.0
0.0682968726093196 0.0
0.0732296880197892 0.0
0.08302201373291432 0.0
0.08892339521691996 0.0
0.09942806623997608 0.0
0.10884608849219402 0.0
0.11989159473507266 0.0
0.13531065579751764 0.0
0.14555113111028284 0.0
0.16457117474073013 0.0
0.17450289111023937 0.0
0.20446060787420295 0.0
0.2144328566988722 0.0
0.24487593546590172 0.0
0.25909146409530814 0.0
0.30054029649717096 0.0
0.3154924175899315 0.0
0.35489114453861015 0.0
0.3865305864339563 0.0
0.4322578125734849 0.0
0.45942285380471815 0.0
0.5058330582206649 0.0
0.5718425760868315 0.0
0.6027213273329204 0.0
0.035093613158824026 0.0
0.037538186392785625 0.0
0.043795264028329 0.0
0.04655441952760203 0.0
0.05465105707803525 0.0
0.057659441110927113 0.0
0.06698413320086832 0.0
0.07106156395566912 0.0
0.0822361601335403 0.0
0.08699036500685764 0.0
0.09915961841039589 0.0
0.10678206672366192 0.0
0.12023607388191576 0.0
0.12913535081054278 0.0
0.143351991267038 0.0
0.1581598775227379 0.0
0.17272382402067032 0.0
0.19816008251348316 0.0
0.21071088646431207 0.0
0.23972294859354543 0.0
0.2516894005548281 0.0
0.29885059939646014 0.0
0.31144732239422573 0.0
0.354684782673811 0.0
0.3758999675064657 0.0
0.4357357682684896 0.0
0.457154574375809 0.0
0.5101067604416781 0.0
0.5625237130911609 0.0
0.6072568728877875 0.0
0.03268361464562723 0.0
0.0356070322881613 0.0
0.041272215319646324 0.0
0.044420993745151446 0.0
0.05216712613041279 0.0
0.05540489236384 0.0
0.06480033846568112 0.0
0.0685237343464924 0.0
0.08057621359127379 0.0
0.08467561753190223 0.0
0.09814397493872187 0.0
0.10418289048353355 0.0
0.1200149095220622 0.0
0.1270745347255195 0.0
0.14387994481542948 0.0
0.15591458977596612 0.0
0.17403529077061086 0.0
0.18767614137481883 0.0
0.20662049597424403 0.0
0.23005785637417414 0.0
0.24888386483453867 0.0
0.29174620758125336 0.0
0.30614484375615436 0.0
0.349542987912947 0.0
0.36334807555341064 0.0
0.43776838010236613 0.0
0.4539413333342551 0.0
0.5130307603561638 0.0
0.5464058055929466 0.0
0.6193516610341001 0.0
0.03058218224208526 0.0
0.03397246560929025 0.0
0.03894354935948854 0.0
0.042739472151877796 0.0
0.04957720517974843 0.0
0.05348169766685183 0.0
0.062449094996919585 0.0
0.06650772269670208 0.0
0.07858041135646923 0.0
0.08270250560486561 0.0
0.09698326896798151 0.0
0.10202819389912433 0.0
0.11974604709609687 0.0
0.12570678740630936 0.0
0.14481695122942118 0.0
0.15423968771360072 0.0
0.17598669001196215 0.0
0.187440988922078 0.0
0.2099455033707707 0.0
0.22938926350009556 0.0
0.2530335054472269 0.0
0.27527644524705713 0.0
0.29969977492102384 0.0
0.33692504732714024 0.0
0.3605117861634434 0.0
0.4358735907642832 0.0
0.4498506975748761 0.0
0.5122699729144389 0.0
0.5264047026772893 0.0
0.6516044294242668 0.0
0.03103502559219508 0.0
0.034779294774719006 0.0
0.03965144653224477 0.0
0.04383951085992403 0.0
0.0502547913666751 0.0
0.05479018588607068 0.0
0.06403940061552486 0.0
0.06868670767215918 0.0
0.08050389100691076 0.0
0.08510112632744987 0.0
0.10064283055125592 0.0
0.10555717073043193 0.0
0.12422452691316684 0.0
0.13046454415783149 0.0
0.1518524214793114 0.0
0.15972218218142692 0.0
0.18399927065435978 0.0
0.19638971974958283 0.0
0.22148555808661602 0.0
0.23767955922342526 0.0
0.2653000414563703 0.0
0.2900820730641991 0.0
0.317116119980211 0.0
0.3493968821353678 0.0
0.3779258059556775 0.0
0.42343184186095767 0.0
0.45091642595278125 0.0
0.5090077523427368 0.0
0.5335420696730306 0.0
0.7376118117980448 0.0
0.028898593154097832 0.0
0.03271901820531491 0.0
0.03700763989624026 0.0
0.0422634683048539 0.0
0.047320289477324626 0.0
0.05378294286022217 0.0
0.05918932090113282 0.0
0.06824911693178362 0.0
0.0742716660983627 0.0
0.08708228444812383 0.0
0.09286302620375214 0.0
0.10845987393659332 0.0
0.11456755751209743 0.0
0.13665795854490714 0.0
0.1429348825109352 0.0
0.16632605545145246 0.0
0.17519531875351935 0.0
0.20546103164341536 0.0
0.21535686834026926 0.0
0.24525585930924032 0.0
0.26444997891804045 0.0
0.2988469588315521 0.0
0.31766194241346274 0.0
0.35248610542459885 0.0
0.39293016989847385 0.0
0.42757121630207595 0.0
0.46289083466991 0.0
0.5008406442873341 0.0
0.5765215044853524 0.0
0.6010190206653717 0.0
0.02564706031640167 0.0
0.029001334049203485 0.0
0.03345073760125236 0.0
0.03788042029705123 0.0
0.04344922583333988 0.0
0.049139387757617566 0.0
0.05526501863348693 0.0
0.0633361325213373 0.0
0.07038783058039655 0.0
0.08003016987984782 0.0
0.0873812779819296 0.0
0.10114470705771501 0.0
0.10932358460933003 0.0
0.12930769243869017 0.0
0.13670963027642097 0.0
0.15989019246402772 0.0
0.1677062087397908 0.0
0.20137171876731114 0.0
0.2096275733317166 0.0
0.2427233844441127 0.0
0.25591039409124705 0.0
0.2992471787946394 0.0
0.31370213912640577 0.0
0.35409192519996396 0.0
0.3855391843438598 0.0
0.4314998512970351 0.0
0.45907255471773895 0.0
0.5055146152752715 0.0
0.5716937537290468 0.0
0.6027173884409912 0.0
0.02212837373693848 0.0
0.024820869955078127 0.0
0.029499226140563963 0.0
0.03311726484320068 0.0
0.03893059398381042 0.0
0.04380244420358276 0.0
0.05045582350353239 0.0
0.057303602926803573 0.0
0.06522053241735076 0.0
0.07383038422858429 0.0
0.08230054857141494 0.0
0.09470911403440474 0.0
0.10450166973589324 0.0
0.118776571095417 0.0
0.1287032242003727 0.0
0.1496362190728855 0.0
0.1606240540313072 0.0
0.19220093212341885 0.0
0.20135831380993363 0.0
0.23535138568607974 0.0
0.2451112006810484 0.0
0.29643577992131964 0.0
0.30745034982179686 0.0
0.35304754895554546 0.0
0.3735707945821295 0.0
0.43481772584074596 0.0
0.456274713851213 0.0
0.5095940890596946 0.0
0.5621563479303717 0.0
0.6072463691759765 0.0
0.0178513182421875 0.0
0.019814049843750004 0.0
0.025085814521484374 0.0
0.027923863908691407 0.0
0.034129466751708984 0.0
0.03828982343994141 0.0
0.045268692522583004 0.0
0.0509159398095703 0.0
0.059223672292785634 0.0
0.06672951030212403 0.0
0.0760343547793579 0.0
0.08666071153472898 0.0
0.09794830014129638 0.0
0.1108984349116516 0.0
0.12264450580673218 0.0
0.14181465848922728 0.0
0.15522891093292235 0.0
0.17643377707443236 0.0
0.1896575777455902 0.0
0.2214969815924835 0.0
0.23594343556297304 0.0
0.2868365493841516 0.0
0.2974038678435516 0.0
0.34596572151836136 0.0
0.35792859991950987 0.0
0.4364345979140285 0.0
0.4517289557051468 0.0
0.5120035455655532 0.0
0.5455037821640968 0.0
0.6193236511359375 0.0
0.013195849218750002 0.0
0.014315294531250002 0.0
0.0206374869140625 0.0
0.0227183537109375 0.0
0.029507217187499997 0.0
0.032893189453125006 0.0
0.04051277490234375 0.0
0.04529058442382812 0.0
0.053879949536132815 0.0
0.06067781279296875 0.0
0.07029085352783201 0.0
0.0792715300048828 0.0
0.0912880906677246 0.0
0.10284316666259766 0.0
0.11631821830444336 0.0
0.13312424503784176 0.0
0.14890769200744627 0.0
0.16932263854064938 0.0
0.18544032309265135 0.0
0.21512555326538085 0.0
0.2326021623825073 0.0
0.26513466834045407 0.0
0.2817772234359741 0.0
0.32945195684838857 0.0
0.3482930045722961 0.0
0.43344242508256703 0.0
0.44429266113967897 0.0
0.5098740757906677 0.0
0.5242035621299743 0.0
0.6515297363625 0.0
0.01071984375 0.0
0.01165640625 0.0
0.018512929687500006 0.0
0.0201578203125 0.0
0.028025999999999995 0.0
0.030853968750000002 0.0
0.03963662109375 0.0
0.044171607421875 0.0
0.053466788085937494 0.0
0.060188859375 0.0
0.07047615966796875 0.0
0.0793029755859375 0.0
0.09205487036132812 0.0
0.10362534814453125 0.0
0.11858266040039062 0.0
0.13415853295898436 0.0
0.15062797448730467 0.0
0.17261139440917966 0.0
0.19235939245605468 0.0
0.21958892175292968 0.0
0.23868773126220705 0.0
0.27672496032714844 0.0
0.29570482745361326 0.0
0.33913429042968746 0.0
0.3608936624450684 0.0
0.4180856897607421 0.0
0.43748355505371095 0.0
0.5040864280627442 0.0
0.5282098753967286 0.0
0.7374126303 0.0
0.00091125 0.0
0.0047081250000000005 0.0
0.005011874999999999 0.0
0.0115678125 0.0
0.012732187499999999 0.0
0.021195000000000002 0.0
0.022966875 0.0
0.03468796875 0.0
0.03756796875 0.0
0.05055140624999999 0.0
0.05662453125 0.0
0.06959718749999999 0.0
0.07797240234375 0.0
0.094614345703125 0.0
0.105570498046875 0.0
0.123842783203125 0.0
0.14024557617187497 0.0
0.16077626953124996 0.0
0.18105349365234374 0.0
0.20401801025390623 0.0
0.23537826782226562 0.0
0.262131796875 0.0
0.2968740966796875 0.0
0.3185885083007812 0.0
0.37521033251953123 0.0
0.4046539855957031 0.0
0.45352128134765624 0.0
0.47642419921874996 0.0
0.5698467692285156 0.0
0.5983314514160156 0.0
0.0 0.0
0.0 0.0
0.0 0.0
0.0 0.0
0.0 0.0
0.0030375 0.0
0.0030375 0.0
0.0131625 0.0
0.014175 0.0
0.027590625 0.0
0.030628125 0.0
0.047151562499999994 0.0
0.0505265625 0.0
0.07413984375 0.0
0.08075859375000001 0.0
0.10212304687499998 0.0
0.11634492187499999 0.0
0.1390294921875 0.0
0.1545328125 0.0
0.18716660156249998 0.0
0.20966455078125001 0.0
0.23981660156249998 0.0
0.27337397460937496 0.0
0.30219667968749997 0.0
0.349177294921875 0.0
0.392067919921875 0.0
0.4423347363281249 0.0
0.46376162109374997 0.0
0.555292224609375 0.0
0.595550537109375 0.0
0.0 0.0
0.0 0.0
0.0 0.0
0.0 0.0
0.0 0.0
0.0 0.0
0.0 0.0
0.0 0.0
0.0 0.0
0.0 0.0
0.0 0.0
0.010125 0.0
0.010125 0.0
0.0354375 0.0
0.0388125 0.0
0.06243749999999999 0.0
0.06975 0.0
0.103453125 0.0
0.10860937500000001 0.0
0.155015625 0.0
0.17221875 0.0
0.20082421875 0.0
0.23267578125 0.0
0.27883593749999996 0.0
0.3031113281250001 0.0
0.365689453125 0.0
0.41758593749999995 0.0
0.43835156249999996 0.0
0.522097265625 0.0
0.588134765625 0.0
0.0 0.0
0.0 0.0
0.0 0.0
0.0 0.0
0.0 0.0
0.0 0.0
0.0 0.0
0.0 0.0
0.0 0.0
0.0 0.0
0.0 0.0
0.0 0.0
0.0 0.0
0.0 0.0
0.0 0.0
0.0 0.0
0.0 0.0
0.03375 0.0
0.03375 0.0
0.09 0.0
0.10125 0.0
0.133125 0.0
0.148125 0.0
0.22828125 0.0
0.23296875 0.0
0.311484375 0.0
0.363046875 0.0
0.38765625 0.0
0.448359375 0.0
0.568359375 0.0
0.0 0.0
0.0 0.0
0.0 0.0
0.0 0.0
0.0 0.0
0.0 0.0
0.0 0.0
0.0 0.0
0.0 0.0
0.0 0.0
0.0 0.0
0.0 0.0
0.0 0.0
0.0 0.0
0.0 0.0
0.0 0.0
0.0 0.0
0.0 0.0
0.0 0.0
0.0 0.0
0.0 0.0
0.0 0.0
0.0 0.0
0.11249999999999999 0.0
0.11249999999999999 0.0
0.20625000000000002 0.0
0.24375000000000002 0.0
0.271875 0.0
0.290625 0.0
0.515625 0.0
0.0 0.0
0.0 0.0
0.0 0.0
0.0 0.0
0.0 0.0
0.0 0.0
0.0 0.0
0.0 0.0
0.0 0.0
0.0 0.0
0.0 0.0
0.0 0.0
0.0 0.0
0.0 0.0
0.0 0.0
0.0 0.0
0.0 0.0
0.0 0.0
0.0 0.0
0.0 0.0
0.0 0.0
0.0 0.0
0.0 0.0
0.0 0.0
0.0 0.0
0.0 0.0
0.0 0.0
0.0 0.0
0.0 0.0
0.375 0.0
0.0 0.0
0.0 0.0
