[2.45479838e+00 8.23602448e-08 1.33635435e-14 3.83924781e+00
 2.33265375e+00 2.89750753e-11 2.50079579e-12 4.47366319e-01
 3.87028230e-08 3.95726560e+00 2.06724155e-03 3.00967089e-02
 2.70453622e+00 4.66015211e+00 4.45353982e-02 2.29775955e-02
 1.60520878e-05 2.43142802e-05 4.51538187e-07 9.80908071e-03
 1.27311956e+00 6.36712959e-01 9.69841294e-13 2.29775955e-02
 8.49965672e-06 5.37217275e-03 9.80908071e-03 1.81467816e-06
 2.67718274e-13 5.15221255e-14 4.73737922e+00 6.27073550e-04
 7.22883578e-07 3.46969048e+00 2.25699429e-10 3.70305994e-13
 3.08725820e+00 3.37142534e-01 6.48827579e-02 5.71817061e-07
 2.95913158e+00 9.12280168e-07 3.90514065e-11 3.59495876e+00
 1.82737198e-01 3.34299850e+00 1.64008385e-01 7.04810020e-13
 3.34299850e+00 2.53936592e-04 6.48827579e-02 2.50150537e-01
 3.65751240e-05 8.81458971e-01 1.10473084e+00 7.28436816e-03
 3.05746072e-01 5.37217275e-03 4.92542917e+00 5.04182346e+00
 2.99857489e-08 2.21275512e+00 3.71831104e+00 1.65606783e+00
 1.46944647e-01 5.84454423e-01 3.00526620e-10 2.63200967e-02
 4.80756135e+00 2.00248976e-02 1.17347835e-01 3.93461780e-03
 1.76096983e+00 8.46030042e-03 4.45353982e-02 9.30659666e-02
 6.92445112e-01 2.70453622e+00 2.95913158e+00 3.37153368e-15
 6.26104198e-03 2.25680822e-01 2.83141955e+00 1.31177464e-02
 4.87034968e+00 3.05746072e-01 3.43557283e-02 2.84548953e-06
 2.14615503e-11 1.97729815e-05 1.17347835e-01 1.75240691e-03
 3.59495876e+00 8.81458971e-01 3.00967089e-02 1.02641517e+00
 3.71831104e+00 3.55943025e-07 4.97252114e+00 2.98469047e-05
 4.66015211e+00 9.52002894e-01 1.00120173e-13 1.26640135e-10
 1.58688785e-11 2.03252780e-01 1.74214642e-02 5.35557660e-01
 1.98082170e+00 1.06191603e-08 2.10839766e-04 4.97252114e+00
 9.52002894e-01 7.02153647e-10 6.66096396e-05 1.18696666e+00
 1.04594458e-01 8.63102547e-12 4.60152672e-03 1.82737198e-01
 5.04182346e+00 1.67599296e-15 1.31428670e-01 8.26650126e-02
 5.25173245e-04 3.37142534e-01 4.89903392e-01 2.09539092e+00
 3.66451656e-04 1.69210224e-10 1.35086126e-07 4.47366319e-01
 1.98082170e+00 5.07683598e+00 1.36316518e+00 7.18841876e-14
 2.86186826e-03 1.46944647e-01 1.17133199e-11 4.07186039e+00
 6.73561595e-15 1.74214642e-02 5.25408886e-11 5.07683598e+00
 1.18696666e+00 4.92542917e+00 1.51303031e-02 1.31428670e-01
 1.72556071e-07 9.30659666e-02 3.91496548e-02 7.28436816e-03
 2.63305815e-14 1.14930881e-06 2.03252780e-01 2.80101293e-07
 1.61517281e-09 3.43557283e-02 7.51753822e-01 5.30070694e-10
 2.00248976e-02 5.73331789e-02 4.39013294e+00 5.84454423e-01
 3.41744343e-12 2.76794114e-01 2.86186826e-03 1.30088684e-05
 5.01138563e+00 4.73737922e+00 3.99469897e-10 1.55472274e+00
 6.26104198e-03 3.71120405e-01 5.01138563e+00 1.93216369e-13
 3.65799800e-09 1.74754508e-04 2.25680822e-01 3.08725820e+00
 7.32995327e-02 5.06367788e+00 1.10473084e+00 1.22567339e-09
 4.28878342e+00 2.76794114e-01 4.39013294e+00 3.95726560e+00
 6.92445112e-01 4.76955758e-15 1.25276121e-03 1.79062766e-08
 7.32995327e-02 2.37917032e-15 5.73331789e-02 8.89397980e-04
 6.25416839e-09 1.05243708e-05 5.06367788e+00 9.46160375e-11
 9.84799295e-05 1.38014088e-08 1.45705654e+00 1.39206156e-13
 5.46392462e-05 1.55472274e+00 3.93461780e-03 8.26650126e-02
 1.13532305e-02 1.27311956e+00 2.31918707e-08 8.15653232e-09
 2.45479838e+00 4.28878342e+00 2.06724155e-03 4.07186039e+00
 1.86927991e+00 6.41422231e-08 4.78720697e-09 2.09539092e+00
 6.36712959e-01 1.82685363e-12 1.02641517e+00 5.05744733e-02
 4.48610933e+00 4.07816456e-01 4.07816456e-01 5.05744733e-02
 4.89903392e-01 4.39071581e-04 4.47425715e-05 4.57625968e+00
 1.51303031e-02 1.75240691e-03 1.33222598e-12 4.18253115e+00
 1.44541934e-06 1.48295275e-03 1.04594458e-01 7.47451466e-04]
Loss =  7.006660222306567
